Geography,Geography Code,Rural Urban,Tenure: All categories: Tenure; measures: Value,Tenure: Owned: Total; measures: Value,Tenure: Owned: Owned outright; measures: Value,Tenure: Owned: Owned with a mortgage or loan; measures: Value,Tenure: Shared ownership (part owned and part rented); measures: Value,OOS,Tenure: Social rented: Total; measures: Value,Tenure: Social rented: Rented from council (Local Authority); measures: Value,Tenure: Social rented: Other social rented; measures: Value,SRS,Tenure: Private rented: Total; measures: Value,Tenure: Private rented: Private landlord or letting agency; measures: Value,Tenure: Private rented: Employer of a household member; measures: Value,Tenure: Private rented: Relative or friend of household member; measures: Value,Tenure: Private rented: Other; measures: Value,PRS
AL1,AL1,Total,14999,9550,4316,5234,112,19100,2205,1583,622,4410,2969,2805,26,104,34,5938
AL10,AL10,Total,12662,5041,2019,3022,219,10082,4212,3039,1173,8424,3027,2882,21,87,37,6054
AL2,AL2,Total,9456,7194,3358,3836,75,14388,989,657,332,1978,1097,1003,15,47,32,2194
AL3,AL3,Total,11419,8105,3787,4318,35,16210,1745,1207,538,3490,1394,1293,20,61,20,2788
AL4,AL4,Total,10787,8256,3899,4357,29,16512,1340,921,419,2680,1051,937,40,59,15,2102
AL5,AL5,Total,11584,9261,4704,4557,16,18522,862,663,199,1724,1342,1241,32,56,13,2684
AL6,AL6,Total,4523,3688,2030,1658,6,7376,436,334,102,872,339,310,13,12,4,678
AL7,AL7,Total,14144,7247,2681,4566,122,14494,5291,3866,1425,10582,1328,1232,21,57,18,2656
AL8,AL8,Total,5610,3783,2003,1780,35,7566,1279,998,281,2558,448,424,1,18,5,896
AL9,AL9,Total,4197,3189,1727,1462,5,6378,346,292,54,692,556,489,28,23,16,1112
B1,B1,Total,4240,846,272,574,112,1692,1018,497,521,2036,2201,2144,9,33,15,4402
B10,B10,Total,7051,3741,1981,1760,26,7482,1580,738,842,3160,1528,1421,5,65,37,3056
B11,B11,Total,12753,7045,3549,3496,83,14090,2462,1332,1130,4924,2879,2691,11,128,49,5758
B12,B12,Total,6719,2249,1181,1068,85,4498,2712,1222,1490,5424,1520,1434,3,56,27,3040
B13,B13,Total,15080,8169,4001,4168,57,16338,3311,1681,1630,6622,3307,3123,6,134,44,6614
B14,B14,Total,18200,11036,4928,6108,316,22072,4394,3554,840,8788,2156,1989,17,132,18,4312
B15,B15,Total,6369,2627,1417,1210,60,5254,1903,336,1567,3806,1629,1506,20,41,62,3258
B16,B16,Total,10358,3139,1455,1684,68,6278,2718,1690,1028,5436,4243,4113,8,76,46,8486
B17,B17,Total,10949,6239,3226,3013,83,12478,1482,844,638,2964,2960,2822,15,102,21,5920
B18,B18,Total,6232,1922,857,1065,35,3844,2409,1504,905,4818,1698,1607,5,60,26,3396
B19,B19,Total,6488,1739,785,954,50,3478,3719,2382,1337,7438,793,739,1,24,29,1586
B2,B2,Total,445,27,9,18,1,54,66,9,57,132,347,341,0,1,5,694
B20,B20,Total,11050,6039,3168,2871,72,12078,2397,583,1814,4794,2326,2221,9,71,25,4652
B21,B21,Total,9854,4827,2660,2167,66,9654,2433,713,1720,4866,2284,2085,11,118,70,4568
B23,B23,Total,18648,9596,3922,5674,372,19192,4682,3142,1540,9364,3689,3487,14,160,28,7378
B24,B24,Total,11934,6930,2984,3946,109,13860,2503,1499,1004,5006,2189,2060,7,112,10,4378
B25,B25,Total,6006,3317,1356,1961,48,6634,1498,1220,278,2996,1040,965,3,58,14,2080
B26,B26,Total,13559,9848,4583,5265,55,19696,1951,1719,232,3902,1528,1372,9,134,13,3056
B27,B27,Total,9913,5280,2142,3138,115,10560,2347,1797,550,4694,1983,1859,5,95,24,3966
B28,B28,Total,10917,8314,4056,4258,50,16628,898,695,203,1796,1507,1387,7,96,17,3014
B29,B29,Total,15042,6821,3478,3343,108,13642,3483,2132,1351,6966,4397,4142,24,162,69,8794
B3,B3,Total,1605,333,84,249,25,666,151,17,134,302,1083,1034,7,31,11,2166
B30,B30,Total,12545,7518,3131,4387,218,15036,2598,814,1784,5196,2082,1892,35,121,34,4164
B31,B31,Total,22977,13699,6177,7522,563,27398,5969,3935,2034,11938,2438,2227,16,168,27,4876
B32,B32,Total,16313,8979,4172,4807,114,17958,5208,4679,529,10416,1683,1545,10,109,19,3366
B33,B33,Total,13741,6860,2920,3940,101,13720,4732,3812,920,9464,1806,1657,4,126,19,3612
B34,B34,Total,8186,4276,2072,2204,213,8552,2790,2189,601,5580,709,642,3,52,12,1418
B35,B35,Total,4247,1568,722,846,20,3136,2368,207,2161,4736,229,208,2,13,6,458
B36,B36,Total,13711,8620,4240,4380,131,17240,3750,2973,777,7500,1071,978,5,76,12,2142
B37,B37,Total,15300,7859,3445,4414,127,15718,5965,5171,794,11930,1240,1141,5,80,14,2480
B38,B38,Total,9001,5074,2327,2747,57,10148,3023,2644,379,6046,697,625,8,59,5,1394
B4,B4,Total,620,64,26,38,1,128,146,24,122,292,392,357,9,7,19,784
B42,B42,Total,9323,6983,3118,3865,36,13966,619,358,261,1238,1586,1463,2,101,20,3172
B43,B43,Total,11639,9565,5174,4391,42,19130,874,656,218,1748,1049,966,7,69,7,2098
B44,B44,Total,14977,9380,4139,5241,63,18760,3328,2901,427,6656,1983,1812,8,154,9,3966
B45,B45,Total,12773,8530,3866,4664,93,17060,2843,2384,459,5686,1132,1033,9,82,8,2264
B46,B46,Total,5152,3953,1912,2041,27,7906,449,299,150,898,651,587,9,45,10,1302
B47,B47,Total,4016,3384,1898,1486,17,6768,363,125,238,726,214,185,1,28,0,428
B48,B48,Total,2391,1920,1030,890,15,3840,211,72,139,422,209,179,6,15,9,418
B49,B49,Total,4488,3170,1771,1399,40,6340,653,67,586,1306,556,492,23,31,10,1112
B5,B5,Total,5026,1318,630,688,47,2636,1521,863,658,3042,2015,1942,8,40,25,4030
B50,B50,Total,2171,1655,768,887,51,3310,234,26,208,468,211,195,1,8,7,422
B6,B6,Total,5934,2611,1324,1287,22,5222,2090,1253,837,4180,1025,970,3,35,17,2050
B60,B60,Total,11680,8944,4236,4708,101,17888,1446,429,1017,2892,1079,1004,16,48,11,2158
B61,B61,Total,9701,7123,3365,3758,62,14246,1420,394,1026,2840,979,868,19,83,9,1958
B62,B62,Total,10206,8157,4378,3779,38,16314,1034,739,295,2068,857,771,5,72,9,1714
B63,B63,Total,15527,11030,5539,5491,61,22060,2651,2109,542,5302,1547,1418,6,112,11,3094
B64,B64,Total,6964,3889,1784,2105,68,7778,1952,1620,332,3904,918,855,10,43,10,1836
B65,B65,Total,9795,5955,2705,3250,43,11910,2685,2307,378,5370,920,821,11,73,15,1840
B66,B66,Total,7336,2999,1329,1670,58,5998,2483,1606,877,4966,1583,1502,1,61,19,3166
B67,B67,Total,11642,6746,3155,3591,45,13492,2446,1979,467,4892,2150,2018,4,103,25,4300
B68,B68,Total,12267,8080,3942,4138,74,16160,2525,2198,327,5050,1346,1230,6,89,21,2692
B69,B69,Total,11467,6802,2931,3871,44,13604,2838,2411,427,5676,1576,1472,8,80,16,3152
B7,B7,Total,3443,584,257,327,40,1168,2484,1880,604,4968,245,222,1,12,10,490
B70,B70,Total,10695,5005,2646,2359,84,10010,3840,2840,1000,7680,1488,1372,13,82,21,2976
B71,B71,Total,12512,6955,3460,3495,58,13910,3751,3263,488,7502,1478,1376,16,65,21,2956
B72,B72,Total,3902,3190,1661,1529,10,6380,164,141,23,328,496,460,2,29,5,992
B73,B73,Total,9604,7472,3776,3696,61,14944,698,384,314,1396,1287,1206,9,68,4,2574
B74,B74,Total,13468,11637,6485,5152,27,23274,577,208,369,1154,1118,1023,9,80,6,2236
B75,B75,Total,10981,8565,4268,4297,55,17130,1281,1053,228,2562,965,874,18,68,5,1930
B76,B76,Total,9184,7398,3514,3884,60,14796,734,171,563,1468,895,815,16,52,12,1790
B77,B77,Total,22873,16057,6064,9993,110,32114,4269,3081,1188,8538,2256,2037,12,189,18,4512
B78,B78,Total,9982,7192,3337,3855,57,14384,1564,835,729,3128,1063,959,16,78,10,2126
B79,B79,Total,9640,6373,3273,3100,43,12746,1817,1339,478,3634,1278,1154,17,88,19,2556
B8,B8,Total,11885,6235,3237,2998,59,12470,3079,1678,1401,6158,2213,2058,6,111,38,4426
B80,B80,Total,2983,2142,1114,1028,34,4284,424,47,377,848,325,277,7,32,9,650
B9,B9,Total,7507,3420,1525,1895,81,6840,2199,1462,737,4398,1612,1493,3,81,35,3224
B90,B90,Total,18833,15060,7363,7697,105,30120,1355,1046,309,2710,2175,2000,15,148,12,4350
B91,B91,Total,13465,11177,6140,5037,119,22354,623,385,238,1246,1457,1359,15,67,16,2914
B92,B92,Total,15708,12001,6009,5992,57,24002,1663,1328,335,3326,1860,1706,7,134,13,3720
B93,B93,Total,8020,6786,3787,2999,20,13572,467,279,188,934,687,622,11,40,14,1374
B94,B94,Total,2993,2485,1350,1135,6,4970,169,78,91,338,282,239,12,23,8,564
B95,B95,Total,2636,1992,1282,710,15,3984,300,35,265,600,291,268,2,17,4,582
B96,B96,Total,2215,1775,950,825,9,3550,150,88,62,300,255,230,5,17,3,510
B97,B97,Total,13624,9372,3952,5420,44,18744,2340,1704,636,4680,1709,1572,11,114,12,3418
B98,B98,Total,20327,12840,5019,7821,86,25680,4910,3920,990,9820,2264,2051,18,177,18,4528
BA1,BA1,Total,18766,10802,5776,5026,71,21604,2840,489,2351,5680,4777,4433,34,234,76,9554
BA10,BA10,Total,1379,927,527,400,12,1854,179,35,144,358,200,168,9,19,4,400
BA11,BA11,Total,13824,9664,4789,4875,81,19328,1780,518,1262,3560,2149,1952,28,155,14,4298
BA12,BA12,Total,12439,8137,4533,3604,84,16274,1608,413,1195,3216,2339,1699,289,118,233,4678
BA13,BA13,Total,8464,6033,2647,3386,38,12066,1097,117,980,2194,1204,1080,21,87,16,2408
BA14,BA14,Total,20059,14277,6721,7556,92,28554,2617,321,2296,5234,2916,2649,60,168,39,5832
BA15,BA15,Total,5867,4440,2647,1793,17,8880,733,93,640,1466,604,558,5,33,8,1208
BA16,BA16,Total,5267,3585,1863,1722,52,7170,749,163,586,1498,816,760,2,49,5,1632
BA2,BA2,Total,29456,18875,10155,8720,198,37750,4706,1220,3486,9412,5246,4842,47,287,70,10492
BA20,BA20,Total,4781,3390,1720,1670,30,6780,501,116,385,1002,815,750,6,49,10,1630
BA21,BA21,Total,14341,9149,4218,4931,146,18298,2749,968,1781,5498,2146,1802,110,153,81,4292
BA22,BA22,Total,7250,5191,2864,2327,34,10382,754,212,542,1508,1131,780,192,60,99,2262
BA3,BA3,Total,13991,10444,5076,5368,43,20888,1662,425,1237,3324,1623,1432,37,133,21,3246
BA4,BA4,Total,7444,5040,2506,2534,84,10080,854,178,676,1708,1316,1196,29,85,6,2632
BA5,BA5,Total,7830,5651,3496,2155,58,11302,827,188,639,1654,1148,1033,16,82,17,2296
BA6,BA6,Total,5646,3881,2255,1626,59,7762,655,131,524,1310,952,858,13,69,12,1904
BA7,BA7,Total,1603,1072,664,408,19,2144,246,61,185,492,238,209,5,20,4,476
BA8,BA8,Total,1791,1259,668,591,16,2518,270,62,208,540,214,189,1,20,4,428
BA9,BA9,Total,3191,2194,1224,970,7,4388,371,104,267,742,542,486,11,37,8,1084
BB1,BB1,Total,24116,15463,8759,6704,83,30926,4762,1517,3245,9524,3397,3043,20,255,79,6794
BB10,BB10,Total,15807,10817,5515,5302,32,21634,1972,514,1458,3944,2757,2473,17,228,39,5514
BB11,BB11,Total,9785,5674,2763,2911,17,11348,1819,525,1294,3638,2132,2000,10,102,20,4264
BB12,BB12,Total,14925,10475,4965,5510,34,20950,1591,416,1175,3182,2644,2418,11,193,22,5288
BB18,BB18,Total,7543,5569,2800,2769,13,11138,569,261,308,1138,1298,1191,8,91,8,2596
BB2,BB2,Total,24118,15527,7282,8245,160,31054,4362,1321,3041,8724,3707,3331,48,253,75,7414
BB3,BB3,Total,14944,10386,4528,5858,77,20772,1586,472,1114,3172,2718,2477,12,187,42,5436
BB4,BB4,Total,17497,12298,5632,6666,53,24596,2559,790,1769,5118,2342,2092,10,213,27,4684
BB5,BB5,Total,25689,16943,8206,8737,53,33886,3737,1206,2531,7474,4632,4225,11,353,43,9264
BB6,BB6,Total,6273,4650,2372,2278,61,9300,479,114,365,958,1018,940,4,67,7,2036
BB7,BB7,Total,13530,9763,5378,4385,65,19526,1328,260,1068,2656,2146,1853,90,163,40,4292
BB8,BB8,Total,10300,6720,3277,3443,21,13440,1539,767,772,3078,1876,1717,6,140,13,3752
BB9,BB9,Total,17629,11668,6459,5209,38,23336,2159,1044,1115,4318,3427,3153,13,232,29,6854
BD1,BD1,Total,1843,278,133,145,19,556,289,84,205,578,1239,1200,2,8,29,2478
BD10,BD10,Total,10863,7066,2618,4448,120,14132,2045,915,1130,4090,1504,1363,7,119,15,3008
BD11,BD11,Total,4868,3793,1743,2050,24,7586,386,250,136,772,611,543,3,62,3,1222
BD12,BD12,Total,7305,5123,2205,2918,22,10246,960,457,503,1920,1102,990,7,94,11,2204
BD13,BD13,Total,10517,7864,3242,4622,52,15728,903,350,553,1806,1567,1408,8,138,13,3134
BD14,BD14,Total,3391,2372,1048,1324,21,4744,413,164,249,826,544,487,1,50,6,1088
BD15,BD15,Total,6152,4181,1793,2388,18,8362,1069,522,547,2138,808,734,5,55,14,1616
BD16,BD16,Total,11471,8434,4003,4431,48,16868,1143,441,702,2286,1740,1595,15,117,13,3480
BD17,BD17,Total,8107,5993,2844,3149,24,11986,812,404,408,1624,1149,1054,10,74,11,2298
BD18,BD18,Total,11462,7437,3283,4154,115,14874,1783,877,906,3566,1958,1820,9,111,18,3916
BD19,BD19,Total,9630,6760,2935,3825,25,13520,1282,1039,243,2564,1410,1269,9,118,14,2820
BD2,BD2,Total,11304,8121,3540,4581,93,16242,1108,497,611,2216,1847,1659,9,168,11,3694
BD20,BD20,Total,14824,11816,5929,5887,99,23632,799,242,557,1598,1921,1725,12,159,25,3842
BD21,BD21,Total,9970,6066,2883,3183,24,12132,1500,527,973,3000,2209,2010,13,150,36,4418
BD22,BD22,Total,12696,9009,3981,5028,116,18018,1549,695,854,3098,1853,1672,12,158,11,3706
BD23,BD23,Total,13161,9331,5487,3844,66,18662,1258,334,924,2516,2210,1982,61,118,49,4420
BD24,BD24,Total,2327,1683,1119,564,3,3366,238,42,196,476,354,308,10,29,7,708
BD3,BD3,Total,9864,5239,2486,2753,42,10478,2007,646,1361,4014,2359,2174,11,143,31,4718
BD4,BD4,Total,12546,6282,2441,3841,30,12564,3694,1605,2089,7388,2317,2112,6,133,66,4634
BD5,BD5,Total,10645,4736,2195,2541,78,9472,3111,1108,2003,6222,2468,2312,4,100,52,4936
BD6,BD6,Total,12348,8101,3005,5096,54,16202,1976,942,1034,3952,2057,1891,7,146,13,4114
BD7,BD7,Total,10865,6363,3191,3172,44,12726,1047,303,744,2094,3226,3031,5,141,49,6452
BD8,BD8,Total,9616,5030,2390,2640,65,10060,2290,576,1714,4580,2033,1863,8,118,44,4066
BD9,BD9,Total,8148,5487,2389,3098,37,10974,713,271,442,1426,1759,1621,12,94,32,3518
BH1,BH1,Total,9905,3577,1813,1764,80,7154,1129,382,747,2258,4996,4794,27,144,31,9992
BH10,BH10,Total,8613,6228,3199,3029,47,12456,1063,695,368,2126,1172,1053,4,96,19,2344
BH11,BH11,Total,8535,5218,2418,2800,52,10436,2319,1938,381,4638,841,751,5,77,8,1682
BH12,BH12,Total,14806,9640,4202,5438,158,19280,2415,1416,999,4830,2433,2220,7,179,27,4866
BH13,BH13,Total,4266,3288,2452,836,11,6576,77,39,38,154,827,773,3,45,6,1654
BH14,BH14,Total,10522,7404,3846,3558,18,14808,661,204,457,1322,2336,2193,19,102,22,4672
BH15,BH15,Total,14519,9211,4772,4439,260,18422,2111,1242,869,4222,2748,2388,141,161,58,5496
BH16,BH16,Total,6556,4649,2434,2215,61,9298,972,522,450,1944,795,707,19,61,8,1590
BH17,BH17,Total,9554,7004,2987,4017,83,14008,1230,596,634,2460,1174,1063,10,94,7,2348
BH18,BH18,Total,4576,4250,2546,1704,3,8500,82,67,15,164,212,191,4,17,0,424
BH19,BH19,Total,5352,3874,2654,1220,37,7748,592,91,501,1184,757,670,14,62,11,1514
BH2,BH2,Total,4776,1907,1076,831,112,3814,365,125,240,730,2347,2246,11,80,10,4694
BH20,BH20,Total,8492,5377,3289,2088,70,10754,1347,245,1102,2694,1527,1098,242,60,127,3054
BH21,BH21,Total,16867,12973,7297,5676,50,25946,1643,176,1467,3286,1895,1663,71,113,48,3790
BH22,BH22,Total,12199,10178,6666,3512,46,20356,960,95,865,1920,925,785,43,60,37,1850
BH23,BH23,Total,23537,17623,10770,6853,189,35246,2903,278,2625,5806,2556,2330,36,170,20,5112
BH24,BH24,Total,10135,7958,4804,3154,54,15916,790,486,304,1580,1216,1067,28,92,29,2432
BH25,BH25,Total,11916,9071,6033,3038,80,18142,1285,804,481,2570,1348,1241,21,75,11,2696
BH3,BH3,Total,2295,1454,744,710,8,2908,132,9,123,264,683,650,5,21,7,1366
BH31,BH31,Total,5501,4678,2363,2315,12,9356,344,48,296,688,421,370,1,45,5,842
BH4,BH4,Total,5121,2923,1664,1259,19,5846,333,128,205,666,1784,1676,4,95,9,3568
BH5,BH5,Total,5644,2511,1229,1282,59,5022,333,67,266,666,2688,2570,8,94,16,5376
BH6,BH6,Total,10058,6890,3712,3178,31,13780,772,252,520,1544,2268,2122,7,128,11,4536
BH7,BH7,Total,4965,3383,1500,1883,9,6766,238,53,185,476,1293,1162,50,45,36,2586
BH8,BH8,Total,11964,6239,2654,3585,108,12478,1958,1015,943,3916,3543,3336,9,152,46,7086
BH9,BH9,Total,12194,8092,3359,4733,57,16184,704,339,365,1408,3238,3018,8,189,23,6476
BL0,BL0,Total,7708,6058,2741,3317,24,12116,630,394,236,1260,911,813,9,80,9,1822
BL1,BL1,Total,27244,16094,7878,8216,128,32188,5851,4126,1725,11702,4661,4341,12,250,58,9322
BL2,BL2,Total,19860,12588,6220,6368,73,25176,4715,3541,1174,9430,2191,1990,12,167,22,4382
BL3,BL3,Total,25170,14613,7429,7184,172,29226,6060,3920,2140,12120,3809,3465,16,257,71,7618
BL4,BL4,Total,14271,7994,3446,4548,89,15988,4166,3116,1050,8332,1775,1606,13,125,31,3550
BL5,BL5,Total,11504,8750,3742,5008,66,17500,1282,710,572,2564,1295,1165,7,110,13,2590
BL6,BL6,Total,12690,9527,4429,5098,63,19054,1571,1020,551,3142,1404,1260,7,124,13,2808
BL7,BL7,Total,6385,5391,2724,2667,10,10782,245,167,78,490,688,623,6,52,7,1376
BL8,BL8,Total,14886,12026,5780,6246,31,24052,1127,853,274,2254,1553,1417,5,119,12,3106
BL9,BL9,Total,20448,13146,6208,6938,90,26292,3787,2391,1396,7574,3078,2799,16,229,34,6156
BN1,BN1,Total,36509,20046,8628,11418,385,40092,4042,2423,1619,8084,11617,11013,54,475,75,23234
BN10,BN10,Total,8103,6008,2985,3023,81,12016,722,389,333,1444,1223,1108,5,95,15,2446
BN11,BN11,Total,16378,9098,4631,4467,101,18196,1632,304,1328,3264,5389,5040,37,250,62,10778
BN12,BN12,Total,9272,7561,4745,2816,28,15122,747,252,495,1494,848,771,10,59,8,1696
BN13,BN13,Total,11856,8764,4266,4498,35,17528,1658,320,1338,3316,1302,1181,7,102,12,2604
BN14,BN14,Total,12908,10095,4681,5414,56,20190,783,231,552,1566,1865,1700,18,128,19,3730
BN15,BN15,Total,12221,9195,4846,4349,51,18390,1488,1092,396,2976,1317,1175,20,113,9,2634
BN16,BN16,Total,13178,10648,6700,3948,102,21296,982,537,445,1964,1302,1172,16,93,21,2604
BN17,BN17,Total,12417,8101,4109,3992,190,16202,1448,747,701,2896,2554,2404,18,112,20,5108
BN18,BN18,Total,5659,4133,2279,1854,42,8266,616,343,273,1232,723,627,30,48,18,1446
BN2,BN2,Total,40690,19813,9156,10657,357,39626,9309,6579,2730,18618,10630,9984,37,519,90,21260
BN20,BN20,Total,9516,7285,4500,2785,22,14570,822,619,203,1644,1274,1170,38,58,8,2548
BN21,BN21,Total,12806,7045,4181,2864,60,14090,869,204,665,1738,4666,4314,97,171,84,9332
BN22,BN22,Total,13790,8533,4195,4338,98,17066,2398,1361,1037,4796,2632,2436,25,153,18,5264
BN23,BN23,Total,12514,8141,4176,3965,124,16282,1919,1180,739,3838,2220,2083,6,118,13,4440
BN24,BN24,Total,4077,3391,1825,1566,24,6782,126,89,37,252,480,432,5,39,4,960
BN25,BN25,Total,10794,8389,5212,3177,50,16778,835,562,273,1670,1421,1316,7,87,11,2842
BN26,BN26,Total,5440,4303,2616,1687,26,8606,360,243,117,720,669,591,16,55,7,1338
BN27,BN27,Total,11319,8623,4735,3888,121,17246,1305,737,568,2610,1125,981,17,112,15,2250
BN3,BN3,Total,37724,20604,9005,11599,213,41208,3555,2159,1396,7110,12876,12331,32,459,54,25752
BN41,BN41,Total,8578,5702,2294,3408,121,11404,1588,990,598,3176,1070,962,10,89,9,2140
BN42,BN42,Total,4225,3107,1552,1555,6,6214,631,564,67,1262,436,383,4,46,3,872
BN43,BN43,Total,9969,7375,3732,3643,70,14750,1167,790,377,2334,1258,1140,4,104,10,2516
BN44,BN44,Total,4416,3385,1959,1426,19,6770,382,63,319,764,567,523,8,32,4,1134
BN45,BN45,Total,273,174,73,101,0,348,26,1,25,52,61,56,0,2,3,122
BN5,BN5,Total,3051,2275,1301,974,10,4550,381,40,341,762,350,307,10,27,6,700
BN6,BN6,Total,7274,5659,3133,2526,47,11318,767,67,700,1534,690,618,19,45,8,1380
BN7,BN7,Total,8962,6045,3280,2765,48,12090,1384,1162,222,2768,1335,1201,27,88,19,2670
BN8,BN8,Total,6611,4820,2589,2231,64,9640,700,477,223,1400,878,767,30,59,22,1756
BN9,BN9,Total,5816,3802,1778,2024,40,7604,845,514,331,1690,1068,1001,7,55,5,2136
BR1,BR1,Total,23367,14547,6188,8359,154,29094,4882,1067,3815,9764,3549,3280,23,191,55,7098
BR2,BR2,Total,19002,14278,6797,7481,123,28556,1788,195,1593,3576,2656,2507,15,118,16,5312
BR3,BR3,Total,21093,14956,6805,8151,160,29912,2038,182,1856,4076,3710,3508,19,154,29,7420
BR4,BR4,Total,7214,6323,3137,3186,25,12646,269,15,254,538,522,467,13,32,10,1044
BR5,BR5,Total,18794,12410,5882,6528,232,24820,4511,635,3876,9022,1476,1320,16,123,17,2952
BR6,BR6,Total,19302,16161,8643,7518,105,32322,1429,124,1305,2858,1456,1309,20,101,26,2912
BR7,BR7,Total,7073,5685,2841,2844,20,11370,485,51,434,970,795,746,9,32,8,1590
BR8,BR8,Total,9155,6272,3014,3258,160,12544,1971,350,1621,3942,639,574,13,44,8,1278
BS1,BS1,Total,5530,1182,535,647,95,2364,1319,740,579,2638,2818,2666,25,79,48,5636
BS10,BS10,Total,11747,6302,2914,3388,96,12604,3707,3269,438,7414,1435,1320,9,86,20,2870
BS11,BS11,Total,7428,3837,1766,2071,24,7674,2667,2244,423,5334,792,719,7,57,9,1584
BS13,BS13,Total,12558,6554,3249,3305,72,13108,4702,3955,747,9404,990,865,9,97,19,1980
BS14,BS14,Total,11884,8682,4320,4362,63,17364,1884,1278,606,3768,1144,1025,2,107,10,2288
BS15,BS15,Total,20129,14386,6873,7513,129,28772,2465,677,1788,4930,2890,2623,15,224,28,5780
BS16,BS16,Total,30790,21018,9656,11362,160,42036,4211,1933,2278,8422,5004,4407,146,338,113,10008
BS2,BS2,Total,7194,1791,758,1033,180,3582,2585,1353,1232,5170,2482,2315,47,93,27,4964
BS20,BS20,Total,13080,10197,4850,5347,132,20394,1181,374,807,2362,1448,1328,6,101,13,2896
BS21,BS21,Total,10217,7803,3992,3811,59,15606,747,227,520,1494,1513,1372,14,112,15,3026
BS22,BS22,Total,16238,12269,5734,6535,114,24538,1116,393,723,2232,2570,2332,9,214,15,5140
BS23,BS23,Total,16243,8372,4303,4069,68,16744,2635,1152,1483,5270,4948,4681,22,220,25,9896
BS24,BS24,Total,7835,5722,2654,3068,42,11444,648,288,360,1296,1358,1224,9,114,11,2716
BS25,BS25,Total,2612,2177,1358,819,10,4354,156,62,94,312,243,210,9,18,6,486
BS26,BS26,Total,2070,1639,848,791,7,3278,142,90,52,284,252,227,2,19,4,504
BS27,BS27,Total,2975,2323,1278,1045,23,4646,238,144,94,476,349,304,7,34,4,698
BS28,BS28,Total,1330,1125,678,447,6,2250,66,41,25,132,109,93,1,14,1,218
BS29,BS29,Total,1265,1033,590,443,3,2066,93,52,41,186,121,105,2,11,3,242
BS3,BS3,Total,16769,9174,3739,5435,167,18348,2785,1947,838,5570,4448,4194,11,213,30,8896
BS30,BS30,Total,12521,9849,4492,5357,35,19698,1302,239,1063,2604,1216,1073,9,112,22,2432
BS31,BS31,Total,8604,6486,3619,2867,39,12972,1246,345,901,2492,721,627,8,74,12,1442
BS32,BS32,Total,9996,6891,2086,4805,44,13782,471,35,436,942,2527,2417,9,89,12,5054
BS34,BS34,Total,12563,8691,3791,4900,64,17382,1893,406,1487,3786,1767,1640,12,102,13,3534
BS35,BS35,Total,9097,7251,3918,3333,28,14502,783,152,631,1566,921,799,12,90,20,1842
BS36,BS36,Total,6238,5214,2894,2320,19,10428,543,127,416,1086,393,342,4,43,4,786
BS37,BS37,Total,15437,12211,5487,6724,82,24422,1040,201,839,2080,1955,1747,12,182,14,3910
BS39,BS39,Total,6125,4902,2498,2404,23,9804,551,144,407,1102,567,505,12,39,11,1134
BS4,BS4,Total,20122,12073,5017,7056,181,24146,4269,3365,904,8538,3356,3099,11,219,27,6712
BS40,BS40,Total,5267,4153,2351,1802,29,8306,352,120,232,704,647,536,43,61,7,1294
BS41,BS41,Total,2487,1962,945,1017,38,3924,213,67,146,426,257,205,18,17,17,514
BS48,BS48,Total,9841,8197,4494,3703,26,16394,671,260,411,1342,851,761,9,71,10,1702
BS49,BS49,Total,4844,3820,1896,1924,33,7640,456,158,298,912,477,423,3,43,8,954
BS5,BS5,Total,22759,10939,4357,6582,138,21878,5173,3472,1701,10346,6184,5831,15,287,51,12368
BS6,BS6,Total,14043,6806,3064,3742,36,13612,1161,278,883,2322,5933,5693,20,179,41,11866
BS7,BS7,Total,16337,9571,4058,5513,158,19142,2334,1490,844,4668,4086,3870,19,174,23,8172
BS8,BS8,Total,11712,5144,2686,2458,56,10288,772,285,487,1544,5553,5311,36,154,52,11106
BS9,BS9,Total,12371,9588,5425,4163,31,19176,1344,1048,296,2688,1246,1138,12,69,27,2492
CA1,CA1,Total,11162,6451,2753,3698,75,12902,2304,423,1881,4608,2180,2019,14,119,28,4360
CA10,CA10,Total,5773,4157,2604,1553,37,8314,510,54,456,1020,921,797,28,72,24,1842
CA11,CA11,Total,9901,6796,3975,2821,102,13592,1233,186,1047,2466,1547,1349,51,133,14,3094
CA12,CA12,Total,3520,2378,1650,728,32,4756,594,94,500,1188,426,335,31,34,26,852
CA13,CA13,Total,6654,4919,2901,2018,61,9838,770,106,664,1540,794,693,15,67,19,1588
CA14,CA14,Total,16023,10443,5455,4988,63,20886,3925,643,3282,7850,1369,1221,8,116,24,2738
CA15,CA15,Total,7056,4544,2508,2036,16,9088,1788,201,1587,3576,610,529,5,71,5,1220
CA16,CA16,Total,2758,2004,1313,691,57,4008,181,15,166,362,452,395,5,40,12,904
CA17,CA17,Total,2152,1501,1010,491,4,3002,193,18,175,386,395,347,4,41,3,790
CA18,CA18,Total,157,91,67,24,0,182,18,4,14,36,46,43,3,0,0,92
CA19,CA19,Total,454,357,243,114,1,714,30,5,25,60,52,41,1,8,2,104
CA2,CA2,Total,18126,11772,5523,6249,56,23544,3622,641,2981,7244,2450,2191,27,207,25,4900
CA20,CA20,Total,1532,1294,814,480,4,2588,58,7,51,116,154,137,3,11,3,308
CA21,CA21,Total,443,391,216,175,0,782,4,1,3,8,36,35,0,1,0,72
CA22,CA22,Total,3898,2733,1417,1316,3,5466,821,354,467,1642,299,251,0,40,8,598
CA23,CA23,Total,628,503,266,237,3,1006,31,8,23,62,85,73,1,8,3,170
CA24,CA24,Total,528,426,191,235,1,852,38,11,27,76,58,52,0,6,0,116
CA25,CA25,Total,2711,1712,865,847,4,3424,766,185,581,1532,203,181,1,15,6,406
CA26,CA26,Total,1707,1236,675,561,5,2472,304,108,196,608,129,110,1,15,3,258
CA27,CA27,Total,676,563,291,272,4,1126,28,11,17,56,75,65,4,6,0,150
CA28,CA28,Total,12357,8454,4003,4451,61,16908,2715,1295,1420,5430,959,819,36,79,25,1918
CA3,CA3,Total,6136,4864,2631,2233,161,9728,386,46,340,772,667,602,6,48,11,1334
CA4,CA4,Total,4221,3429,2059,1370,12,6858,202,28,174,404,491,441,15,31,4,982
CA5,CA5,Total,2996,2433,1542,891,20,4866,156,24,132,312,316,262,8,34,12,632
CA6,CA6,Total,3845,2929,1682,1247,9,5858,304,60,244,608,504,449,12,38,5,1008
CA7,CA7,Total,9665,7177,4289,2888,24,14354,1300,158,1142,2600,985,861,14,104,6,1970
CA8,CA8,Total,4564,3233,1937,1296,9,6466,550,90,460,1100,681,583,33,49,16,1362
CA9,CA9,Total,996,673,412,261,5,1346,137,24,113,274,155,137,3,13,2,310
CB1,CB1,Total,20214,10337,5182,5155,127,20674,3770,2701,1069,7540,5727,5382,62,187,96,11454
CB10,CB10,Total,5420,3624,1892,1732,54,7248,831,498,333,1662,823,606,109,47,61,1646
CB11,CB11,Total,7222,5257,2681,2576,67,10514,915,600,315,1830,870,791,20,49,10,1740
CB2,CB2,Total,4614,1928,1124,804,109,3856,1085,391,694,2170,1351,1194,69,25,63,2702
CB21,CB21,Total,6363,4588,2450,2138,97,9176,988,732,256,1976,562,498,19,33,12,1124
CB22,CB22,Total,10060,7131,3882,3249,175,14262,1624,1248,376,3248,1007,897,36,57,17,2014
CB23,CB23,Total,12157,8658,3721,4937,414,17316,1544,548,996,3088,1374,1259,36,62,17,2748
CB24,CB24,Total,13437,10060,4804,5256,163,20120,1468,1070,398,2936,1597,1464,25,93,15,3194
CB25,CB25,Total,7298,5088,2609,2479,74,10176,1019,344,675,2038,974,683,148,47,96,1948
CB3,CB3,Total,4522,2702,1685,1017,71,5404,625,255,370,1250,1019,722,96,29,172,2038
CB4,CB4,Total,17815,7947,4086,3861,417,15894,5012,3022,1990,10024,4218,3926,56,143,93,8436
CB5,CB5,Total,4652,2021,923,1098,39,4042,1504,1179,325,3008,1014,942,13,42,17,2028
CB6,CB6,Total,15587,11178,5147,6031,192,22356,2199,208,1991,4398,1793,1623,21,125,24,3586
CB7,CB7,Total,11250,7081,3171,3910,237,14162,1714,169,1545,3428,1982,1808,43,109,22,3964
CB8,CB8,Total,14165,8348,4209,4139,205,16696,2252,740,1512,4504,2695,2426,110,131,28,5390
CB9,CB9,Total,12993,8722,3430,5292,115,17444,2449,1027,1422,4898,1563,1428,18,97,20,3126
CH1,CH1,Total,13555,6699,3172,3527,196,13398,3592,1019,2573,7184,2871,2638,19,138,76,5742
CH2,CH2,Total,14849,10471,5143,5328,66,20942,1617,496,1121,3234,2536,2239,109,113,75,5072
CH3,CH3,Total,13770,10631,5794,4837,122,21262,940,211,729,1880,1874,1696,43,113,22,3748
CH4,CH4,Total,13954,9958,4782,5176,60,19916,1994,1167,827,3988,1772,1612,20,125,15,3544
CH41,CH41,Total,9227,3077,1311,1766,110,6154,3750,1127,2623,7500,2211,2087,4,99,21,4422
CH42,CH42,Total,13674,6998,3009,3989,127,13996,3088,1044,2044,6176,3318,3132,7,159,20,6636
CH43,CH43,Total,17122,11009,5217,5792,122,22018,3066,1089,1977,6132,2751,2589,7,136,19,5502
CH44,CH44,Total,13117,7245,3232,4013,54,14490,2366,698,1668,4732,3343,3134,5,172,32,6686
CH45,CH45,Total,13673,9699,4675,5024,50,19398,723,90,633,1446,3065,2861,10,172,22,6130
CH46,CH46,Total,11161,7427,3427,4000,21,14854,2386,826,1560,4772,1188,1054,4,108,22,2376
CH47,CH47,Total,4575,3791,1960,1831,13,7582,138,57,81,276,601,532,7,56,6,1202
CH48,CH48,Total,6633,5378,3047,2331,23,10756,355,115,240,710,801,735,5,56,5,1602
CH49,CH49,Total,12592,9150,4536,4614,82,18300,1984,1029,955,3968,1218,1086,6,114,12,2436
CH5,CH5,Total,17657,12429,5625,6804,122,24858,2854,1965,889,5708,2105,1900,10,177,18,4210
CH6,CH6,Total,6966,4626,2113,2513,9,9252,1586,1172,414,3172,690,598,4,79,9,1380
CH60,CH60,Total,5693,5096,3089,2007,12,10192,115,34,81,230,432,401,4,23,4,864
CH61,CH61,Total,7737,6537,3591,2946,30,13074,559,183,376,1118,538,472,1,56,9,1076
CH62,CH62,Total,12645,9084,4230,4854,29,18168,1755,607,1148,3510,1667,1524,11,113,19,3334
CH63,CH63,Total,12734,10352,5482,4870,40,20704,1044,367,677,2088,1142,1029,11,87,15,2284
CH64,CH64,Total,8387,6556,3730,2826,25,13112,967,598,369,1934,753,686,9,49,9,1506
CH65,CH65,Total,11499,6526,2634,3892,91,13052,3397,2903,494,6794,1314,1212,13,81,8,2628
CH66,CH66,Total,14733,11547,5233,6314,84,23094,1828,1622,206,3656,1133,1003,9,104,17,2266
CH7,CH7,Total,21153,16292,8392,7900,97,32584,2444,1783,661,4888,2088,1823,21,216,28,4176
CH8,CH8,Total,8729,6224,3065,3159,70,12448,1447,1138,309,2894,899,764,10,105,20,1798
CM0,CM0,Total,6902,5279,2668,2611,24,10558,718,47,671,1436,788,701,19,60,8,1576
CM1,CM1,Total,26123,17675,8259,9416,167,35350,4549,759,3790,9098,3412,3149,37,181,45,6824
CM11,CM11,Total,7442,6376,3200,3176,10,12752,491,282,209,982,513,469,5,34,5,1026
CM12,CM12,Total,8443,7113,3729,3384,6,14226,561,399,162,1122,695,631,10,47,7,1390
CM13,CM13,Total,10103,7744,4103,3641,17,15488,1337,1227,110,2674,880,795,17,56,12,1760
CM14,CM14,Total,8706,5803,2435,3368,132,11606,1063,537,526,2126,1608,1492,34,60,22,3216
CM15,CM15,Total,9347,7571,4020,3551,38,15142,910,699,211,1820,715,634,12,57,12,1430
CM16,CM16,Total,9353,6838,3397,3441,23,13676,1408,948,460,2816,969,893,18,40,18,1938
CM17,CM17,Total,8826,6025,2091,3934,104,12050,1615,1232,383,3230,1006,932,4,59,11,2012
CM18,CM18,Total,10299,5624,2287,3337,72,11248,3651,3193,458,7302,872,794,8,62,8,1744
CM19,CM19,Total,7850,4789,1948,2841,45,9578,2173,1990,183,4346,772,723,5,39,5,1544
CM2,CM2,Total,24513,18090,8244,9846,208,36180,2887,467,2420,5774,3115,2871,27,180,37,6230
CM20,CM20,Total,9259,4287,1693,2594,110,8574,3527,3049,478,7054,1234,1142,8,73,11,2468
CM21,CM21,Total,4670,3472,1631,1841,32,6944,362,88,274,724,752,710,2,34,6,1504
CM22,CM22,Total,5031,3724,1755,1969,52,7448,554,439,115,1108,608,554,10,33,11,1216
CM23,CM23,Total,16215,11767,5012,6755,226,23534,1634,327,1307,3268,2421,2269,33,105,14,4842
CM24,CM24,Total,2696,1955,815,1140,6,3910,319,208,111,638,386,356,3,25,2,772
CM3,CM3,Total,21640,17098,7956,9142,95,34196,2020,277,1743,4040,2148,1884,56,168,40,4296
CM4,CM4,Total,4328,3375,1957,1418,18,6750,466,294,172,932,397,358,6,23,10,794
CM5,CM5,Total,4314,3146,1612,1534,13,6292,662,561,101,1324,425,393,5,21,6,850
CM6,CM6,Total,9913,7046,3141,3905,137,14092,1287,843,444,2574,1292,1187,22,59,24,2584
CM7,CM7,Total,20298,13152,5579,7573,145,26304,3584,821,2763,7168,3207,2901,66,192,48,6414
CM77,CM77,Total,5773,4614,1832,2782,32,9228,520,88,432,1040,560,509,14,30,7,1120
CM8,CM8,Total,13833,9127,3840,5287,99,18254,2851,682,2169,5702,1639,1481,18,119,21,3278
CM9,CM9,Total,14128,10874,5558,5316,59,21748,1666,102,1564,3332,1381,1229,21,113,18,2762
CO1,CO1,Total,7339,3370,1349,2021,34,6740,1211,372,839,2422,2635,2499,8,102,26,5270
CO10,CO10,Total,20383,14199,7859,6340,121,28398,3029,2026,1003,6058,2706,2419,43,192,52,5412
CO11,CO11,Total,5599,4208,2212,1996,20,8416,582,448,134,1164,697,643,8,36,10,1394
CO12,CO12,Total,9736,6681,3564,3117,49,13362,1186,804,382,2372,1684,1560,12,100,12,3368
CO13,CO13,Total,5670,4733,3258,1475,16,9466,160,115,45,320,689,628,3,55,3,1378
CO14,CO14,Total,3288,2255,1591,664,3,4510,368,147,221,736,609,553,9,38,9,1218
CO15,CO15,Total,20070,14336,9274,5062,80,28672,1226,447,779,2452,4198,3889,21,247,41,8396
CO16,CO16,Total,10585,7794,4598,3196,55,15588,1309,728,581,2618,1277,1109,27,123,18,2554
CO2,CO2,Total,13759,7714,3175,4539,61,15428,2624,1770,854,5248,3219,2338,397,164,320,6438
CO3,CO3,Total,11901,8978,4765,4213,36,17956,1044,670,374,2088,1706,1542,16,124,24,3412
CO4,CO4,Total,18898,11451,4882,6569,129,22902,3496,2148,1348,6992,3651,3376,31,167,77,7302
CO5,CO5,Total,12045,9592,5221,4371,40,19184,1007,552,455,2014,1266,1096,48,103,19,2532
CO6,CO6,Total,11848,9332,4772,4560,26,18664,1132,545,587,2264,1197,1090,21,66,20,2394
CO7,CO7,Total,14041,11117,6285,4832,44,22234,878,608,270,1756,1848,1669,16,133,30,3696
CO8,CO8,Total,986,775,457,318,1,1550,99,52,47,198,81,68,1,10,2,162
CO9,CO9,Total,10778,7550,3667,3883,55,15100,1679,443,1236,3358,1358,1259,13,65,21,2716
CR0,CR0,Total,62010,32132,12798,19334,955,64264,14812,9187,5625,29624,13426,12676,88,515,147,26852
CR2,CR2,Total,19805,14188,6553,7635,210,28376,1740,818,922,3480,3495,3299,40,137,19,6990
CR3,CR3,Total,11572,8752,3795,4957,183,17504,1024,637,387,2048,1479,1356,34,76,13,2958
CR4,CR4,Total,21774,11198,4113,7085,257,22396,5454,1396,4058,10908,4649,4373,17,200,59,9298
CR5,CR5,Total,11124,8940,4012,4928,97,17880,1098,799,299,2196,900,816,14,62,8,1800
CR6,CR6,Total,4037,3279,1697,1582,21,6558,351,285,66,702,342,314,3,19,6,684
CR7,CR7,Total,16279,9187,3530,5657,165,18374,2555,1081,1474,5110,4150,3891,10,195,54,8300
CR8,CR8,Total,12402,9335,4014,5321,159,18670,1096,413,683,2192,1707,1594,7,88,18,3414
CT1,CT1,Total,11921,5073,2662,2411,145,10146,2711,1948,763,5422,3751,3260,156,163,172,7502
CT10,CT10,Total,10900,8211,4764,3447,43,16422,798,201,597,1596,1713,1554,9,132,18,3426
CT11,CT11,Total,13195,7464,3696,3768,53,14928,1452,521,931,2904,4084,3813,21,218,32,8168
CT12,CT12,Total,7620,4837,2474,2363,17,9674,1758,903,855,3516,903,779,21,77,26,1806
CT13,CT13,Total,3965,2755,1572,1183,11,5510,541,404,137,1082,559,505,7,43,4,1118
CT14,CT14,Total,15735,11178,6213,4965,91,22356,1655,1080,575,3310,2547,2313,26,178,30,5094
CT15,CT15,Total,5358,4008,2222,1786,23,8016,495,349,146,990,717,534,52,56,75,1434
CT16,CT16,Total,8555,5192,2652,2540,36,10384,1579,949,630,3158,1621,1463,32,94,32,3242
CT17,CT17,Total,9414,5309,2388,2921,50,10618,1698,872,826,3396,2262,2112,8,115,27,4524
CT18,CT18,Total,5609,4343,2163,2180,51,8686,520,271,249,1040,631,512,37,53,29,1262
CT19,CT19,Total,11777,7180,3362,3818,32,14360,1893,1254,639,3786,2564,2375,16,154,19,5128
CT2,CT2,Total,10641,6272,3635,2637,96,12544,1626,921,705,3252,2491,2317,28,113,33,4982
CT20,CT20,Total,11175,5015,2753,2262,69,10030,1171,485,686,2342,4792,4489,60,131,112,9584
CT21,CT21,Total,7889,5810,3608,2202,27,11620,800,609,191,1600,1121,979,36,75,31,2242
CT3,CT3,Total,6932,4717,2337,2380,46,9434,1152,799,353,2304,881,759,48,61,13,1762
CT4,CT4,Total,6790,5199,2783,2416,24,10398,527,375,152,1054,913,809,42,46,16,1826
CT5,CT5,Total,14522,11271,6284,4987,75,22542,1124,855,269,2248,1887,1678,15,172,22,3774
CT6,CT6,Total,16435,12105,6298,5807,155,24210,1259,829,430,2518,2723,2497,14,191,21,5446
CT7,CT7,Total,5609,4374,2901,1473,19,8748,366,132,234,732,762,685,11,57,9,1524
CT8,CT8,Total,3382,2025,1061,964,11,4050,353,115,238,706,954,902,5,44,3,1908
CT9,CT9,Total,18807,9996,5007,4989,63,19992,2810,1147,1663,5620,5735,5339,100,249,47,11470
CV1,CV1,Total,11892,2943,1473,1470,119,5886,3611,788,2823,7222,4964,4645,25,122,172,9928
CV10,CV10,Total,20736,14356,6153,8203,113,28712,3451,2762,689,6902,2599,2354,19,204,22,5198
CV11,CV11,Total,16482,11553,5707,5846,86,23106,2140,1400,740,4280,2556,2231,73,168,84,5112
CV12,CV12,Total,13666,9961,4948,5013,64,19922,2179,1659,520,4358,1318,1159,17,128,14,2636
CV13,CV13,Total,4496,3553,1885,1668,17,7106,381,274,107,762,478,415,4,41,18,956
CV2,CV2,Total,26336,15301,7281,8020,168,30602,5073,1898,3175,10146,5489,5123,23,281,62,10978
CV21,CV21,Total,15581,9318,4008,5310,156,18636,2953,1953,1000,5906,2969,2744,29,164,32,5938
CV22,CV22,Total,14430,10513,5259,5254,170,21026,1953,1107,846,3906,1622,1461,57,87,17,3244
CV23,CV23,Total,8534,6611,3098,3513,46,13222,847,564,283,1694,942,855,19,45,23,1884
CV3,CV3,Total,26602,18036,9078,8958,142,36072,4588,1579,3009,9176,3553,3256,22,218,57,7106
CV31,CV31,Total,12789,7218,3233,3985,103,14436,2185,1358,827,4370,3144,2991,17,115,21,6288
CV32,CV32,Total,14578,9104,4629,4475,76,18208,2237,1626,611,4474,2991,2817,24,115,35,5982
CV33,CV33,Total,2570,1986,1028,958,27,3972,298,119,179,596,224,201,4,12,7,448
CV34,CV34,Total,13710,9006,3976,5030,193,18012,2168,1474,694,4336,2198,2016,34,131,17,4396
CV35,CV35,Total,10281,7766,4037,3729,68,15532,1155,199,956,2310,1124,998,41,64,21,2248
CV36,CV36,Total,4222,2994,1717,1277,53,5988,617,55,562,1234,473,420,12,30,11,946
CV37,CV37,Total,17990,12460,6888,5572,240,24920,2208,182,2026,4416,2874,2646,57,133,38,5748
CV4,CV4,Total,11983,6980,3109,3871,99,13960,3018,1024,1994,6036,1721,1516,41,109,55,3442
CV47,CV47,Total,6950,5093,2445,2648,74,10186,913,73,840,1826,791,654,47,56,34,1582
CV5,CV5,Total,20036,15312,7905,7407,81,30624,743,204,539,1486,3736,3399,8,199,130,7472
CV6,CV6,Total,33896,21033,9585,11448,180,42066,4927,1541,3386,9854,7364,6786,29,458,91,14728
CV7,CV7,Total,11434,9032,4527,4505,28,18064,1040,775,265,2080,1204,1071,15,90,28,2408
CV8,CV8,Total,13580,10679,5749,4930,101,21358,1070,785,285,2140,1590,1461,11,93,25,3180
CV9,CV9,Total,9025,6102,3118,2984,77,12204,1639,1184,455,3278,1084,977,31,52,24,2168
CW1,CW1,Total,17422,11541,5031,6510,66,23082,2931,1052,1879,5862,2696,2506,18,128,44,5392
CW10,CW10,Total,5991,4628,1937,2691,36,9256,635,173,462,1270,644,597,5,37,5,1288
CW11,CW11,Total,9690,7675,3842,3833,49,15350,833,153,680,1666,1043,934,10,81,18,2086
CW12,CW12,Total,12706,9609,5040,4569,54,19218,1571,276,1295,3142,1316,1184,21,98,13,2632
CW2,CW2,Total,17303,12687,6225,6462,44,25374,1777,609,1168,3554,2643,2465,14,138,26,5286
CW3,CW3,Total,3926,3064,1748,1316,12,6128,355,78,277,710,424,377,8,31,8,848
CW4,CW4,Total,3975,3374,1915,1459,10,6748,256,44,212,512,274,251,2,18,3,548
CW5,CW5,Total,12815,9579,5009,4570,95,19158,1249,290,959,2498,1754,1563,40,125,26,3508
CW6,CW6,Total,5025,4051,2304,1747,55,8102,347,95,252,694,493,438,10,33,12,986
CW7,CW7,Total,12866,8578,3520,5058,92,17156,2698,1222,1476,5396,1370,1239,21,97,13,2740
CW8,CW8,Total,15060,11554,5737,5817,91,23108,1613,767,846,3226,1644,1479,28,124,13,3288
CW9,CW9,Total,13998,10203,4546,5657,144,20406,1934,898,1036,3868,1563,1418,20,102,23,3126
DA1,DA1,Total,21767,14142,5504,8638,304,28284,3863,2152,1711,7726,3253,3001,16,199,37,6506
DA10,DA10,Total,2840,1401,503,898,22,2802,824,708,116,1648,564,524,13,23,4,1128
DA11,DA11,Total,15193,8500,3810,4690,177,17000,2893,2130,763,5786,3454,3286,15,124,29,6908
DA12,DA12,Total,18831,11718,5430,6288,138,23436,3815,3215,600,7630,2886,2702,18,133,33,5772
DA13,DA13,Total,5718,5038,2678,2360,18,10076,225,201,24,450,381,332,9,37,3,762
DA14,DA14,Total,9410,6157,3172,2985,104,12314,1840,177,1663,3680,1226,1139,10,72,5,2452
DA15,DA15,Total,11403,9836,4394,5442,78,19672,335,53,282,670,1080,991,7,75,7,2160
DA16,DA16,Total,13669,11150,4890,6260,99,22300,1074,146,928,2148,1238,1127,4,100,7,2476
DA17,DA17,Total,6946,4484,1803,2681,42,8968,1078,135,943,2156,1276,1178,4,75,19,2552
DA18,DA18,Total,1962,567,175,392,4,1134,1151,119,1032,2302,208,192,1,11,4,416
DA2,DA2,Total,9107,6742,2985,3757,45,13484,1291,1031,260,2582,937,880,6,44,7,1874
DA3,DA3,Total,6788,5648,3008,2640,59,11296,455,85,370,910,554,494,11,40,9,1108
DA4,DA4,Total,3908,2940,1399,1541,85,5880,488,163,325,976,341,303,11,19,8,682
DA5,DA5,Total,8264,7212,3597,3615,18,14424,341,71,270,682,632,582,4,40,6,1264
DA6,DA6,Total,3993,3121,1535,1586,21,6242,326,38,288,652,491,450,4,34,3,982
DA7,DA7,Total,14246,12150,6046,6104,49,24300,841,96,745,1682,1113,1000,3,101,9,2226
DA8,DA8,Total,13697,7527,2867,4660,238,15054,3906,625,3281,7812,1891,1763,3,93,32,3782
DA9,DA9,Total,5788,3458,964,2494,176,6916,612,315,297,1224,1491,1438,2,45,6,2982
DE1,DE1,Total,6602,1724,702,1022,174,3448,2274,913,1361,4548,2347,2240,11,66,30,4694
DE11,DE11,Total,18355,12980,5417,7563,68,25960,2618,1995,623,5236,2490,2298,14,165,13,4980
DE12,DE12,Total,8484,6250,3099,3151,26,12500,1252,1083,169,2504,851,767,9,68,7,1702
DE13,DE13,Total,17086,13436,7138,6298,68,26872,1659,512,1147,3318,1734,1550,42,111,31,3468
DE14,DE14,Total,12031,6680,3008,3672,78,13360,1651,427,1224,3302,3479,3242,19,183,35,6958
DE15,DE15,Total,10240,6982,3489,3493,24,13964,2032,689,1343,4064,1090,981,10,92,7,2180
DE21,DE21,Total,23918,16965,7844,9121,107,33930,4150,3423,727,8300,2446,2185,10,229,22,4892
DE22,DE22,Total,20353,12353,6573,5780,139,24706,3375,1950,1425,6750,4259,3986,21,217,35,8518
DE23,DE23,Total,21721,13084,6636,6448,174,26168,3921,1895,2026,7842,4225,3950,16,200,59,8450
DE24,DE24,Total,22630,13000,5590,7410,174,26000,5896,4032,1864,11792,3293,3005,11,234,43,6586
DE3,DE3,Total,7156,6106,3275,2831,32,12212,303,110,193,606,655,595,7,46,7,1310
DE4,DE4,Total,14710,10875,6456,4419,57,21750,1906,644,1262,3812,1650,1463,38,120,29,3300
DE45,DE45,Total,3908,2668,1844,824,34,5336,498,191,307,996,542,465,19,39,19,1084
DE5,DE5,Total,9465,7102,3700,3402,48,14204,1162,471,691,2324,1037,929,8,95,5,2074
DE55,DE55,Total,22249,15425,7650,7775,43,30850,3960,2530,1430,7920,2502,2253,14,195,40,5004
DE56,DE56,Total,17294,13770,7214,6556,97,27540,1244,516,728,2488,1980,1802,19,126,33,3960
DE6,DE6,Total,10520,7581,4470,3111,111,15162,1080,395,685,2160,1507,1373,31,80,23,3014
DE65,DE65,Total,9295,7413,3307,4106,34,14826,564,442,122,1128,1142,1003,54,72,13,2284
DE7,DE7,Total,21430,15252,7252,8000,83,30504,3123,1096,2027,6246,2703,2492,2,161,48,5406
DE72,DE72,Total,8829,7024,3745,3279,40,14048,806,309,497,1612,855,760,9,78,8,1710
DE73,DE73,Total,7803,5747,2635,3112,78,11494,818,418,400,1636,1070,994,8,56,12,2140
DE74,DE74,Total,4919,3535,1744,1791,24,7070,504,448,56,1008,796,722,9,52,13,1592
DE75,DE75,Total,7791,5763,2756,3007,21,11526,956,426,530,1912,926,840,10,67,9,1852
DH1,DH1,Total,18075,11764,6400,5364,52,23528,2501,1593,908,5002,3554,3315,28,163,48,7108
DH2,DH2,Total,13426,9241,3857,5384,42,18482,2914,1141,1773,5828,1120,984,2,110,24,2240
DH3,DH3,Total,11529,7926,3817,4109,65,15852,2234,1662,572,4468,1188,1086,5,94,3,2376
DH4,DH4,Total,14273,9678,4193,5485,19,19356,3152,1721,1431,6304,1310,1161,5,123,21,2620
DH5,DH5,Total,8667,5257,2671,2586,32,10514,2460,1258,1202,4920,851,759,1,70,21,1702
DH6,DH6,Total,14728,9627,4314,5313,28,19254,3452,2888,564,6904,1430,1280,6,129,15,2860
DH7,DH7,Total,18655,12276,5593,6683,47,24552,4243,3018,1225,8486,1890,1677,14,185,14,3780
DH8,DH8,Total,17055,11895,5335,6560,30,23790,2625,1041,1584,5250,2313,2079,16,178,40,4626
DH9,DH9,Total,16465,10141,4471,5670,15,20282,3800,2056,1744,7600,2348,2141,4,173,30,4696
DL1,DL1,Total,20423,12107,5323,6784,63,24214,4498,3494,1004,8996,3557,3261,14,252,30,7114
DL10,DL10,Total,7845,5418,2990,2428,45,10836,952,671,281,1904,1279,1021,121,77,60,2558
DL11,DL11,Total,2349,1655,1066,589,10,3310,128,93,35,256,454,372,16,36,30,908
DL12,DL12,Total,5391,3560,2275,1285,25,7120,700,86,614,1400,953,856,11,74,12,1906
DL13,DL13,Total,6445,4601,2687,1914,13,9202,875,355,520,1750,803,691,16,86,10,1606
DL14,DL14,Total,16580,10865,5302,5563,42,21730,3075,2131,944,6150,2388,2175,15,177,21,4776
DL15,DL15,Total,10072,6637,3102,3535,9,13274,2103,1478,625,4206,1172,1046,13,103,10,2344
DL16,DL16,Total,8871,5844,2776,3068,26,11688,2034,1160,874,4068,858,782,2,63,11,1716
DL17,DL17,Total,8142,4811,2250,2561,12,9622,2072,1360,712,4144,1171,1068,8,80,15,2342
DL2,DL2,Total,7253,5283,2683,2600,38,10566,550,300,250,1100,1254,1073,64,63,54,2508
DL3,DL3,Total,20213,13530,6313,7217,85,27060,2333,1443,890,4666,4072,3763,41,240,28,8144
DL4,DL4,Total,4629,2585,1231,1354,5,5170,1243,813,430,2486,739,696,1,35,7,1478
DL5,DL5,Total,12600,8119,3382,4737,36,16238,3074,2029,1045,6148,1275,1133,8,119,15,2550
DL6,DL6,Total,6800,4445,2509,1936,36,8890,1395,105,1290,2790,813,735,15,52,11,1626
DL7,DL7,Total,6585,4611,2602,2009,23,9222,608,44,564,1216,1242,793,274,59,116,2484
DL8,DL8,Total,8359,5805,3616,2189,45,11610,808,239,569,1616,1450,1214,79,124,33,2900
DL9,DL9,Total,4372,1879,600,1279,11,3758,691,438,253,1382,1731,613,611,39,468,3462
DN1,DN1,Total,4108,1256,623,633,17,2512,1162,837,325,2324,1585,1511,15,43,16,3170
DN10,DN10,Total,5190,4043,2133,1910,25,8086,580,428,152,1160,468,414,10,38,6,936
DN11,DN11,Total,11987,8414,4053,4361,33,16828,1963,1763,200,3926,1388,1229,12,131,16,2776
DN12,DN12,Total,10103,5953,2604,3349,13,11906,2646,2331,315,5292,1266,1140,10,107,9,2532
DN14,DN14,Total,19401,13794,6672,7122,71,27588,2320,1950,370,4640,2931,2710,30,164,27,5862
DN15,DN15,Total,15046,9427,4426,5001,40,18854,2537,1087,1450,5074,2836,2614,40,145,37,5672
DN16,DN16,Total,13579,8940,3916,5024,41,17880,2655,1201,1454,5310,1754,1573,10,157,14,3508
DN17,DN17,Total,15676,11043,5314,5729,32,22086,2829,1424,1405,5658,1569,1394,15,136,24,3138
DN18,DN18,Total,5117,3597,1747,1850,18,7194,706,300,406,1412,737,658,10,55,14,1474
DN19,DN19,Total,2636,2071,957,1114,5,4142,210,75,135,420,311,293,1,14,3,622
DN2,DN2,Total,10073,6174,2817,3357,14,12348,2200,2005,195,4400,1498,1332,23,127,16,2996
DN20,DN20,Total,8192,6015,3054,2961,13,12030,939,348,591,1878,1082,969,18,89,6,2164
DN21,DN21,Total,16022,10529,5087,5442,155,21058,2486,675,1811,4972,2627,2341,105,140,41,5254
DN22,DN22,Total,15139,10604,5487,5117,42,21208,2297,1790,507,4594,1933,1709,43,141,40,3866
DN3,DN3,Total,12825,9924,4818,5106,38,19848,1213,1040,173,2426,1489,1346,10,117,16,2978
DN31,DN31,Total,4557,2138,837,1301,6,4276,636,175,461,1272,1727,1634,7,76,10,3454
DN32,DN32,Total,13437,6882,2848,4034,51,13764,2821,825,1996,5642,3536,3312,22,164,38,7072
DN33,DN33,Total,8146,5376,2588,2788,46,10752,1825,704,1121,3650,807,681,34,67,25,1614
DN34,DN34,Total,8280,5915,2714,3201,27,11830,1129,440,689,2258,1126,996,6,112,12,2252
DN35,DN35,Total,15421,10205,4879,5326,37,20410,1414,369,1045,2828,3605,3361,12,215,17,7210
DN36,DN36,Total,8232,7092,3846,3246,18,14184,371,84,287,742,668,558,27,59,24,1336
DN37,DN37,Total,9215,7082,3348,3734,26,14164,1106,392,714,2212,899,803,13,70,13,1798
DN38,DN38,Total,1250,972,477,495,1,1944,109,34,75,218,148,132,4,10,2,296
DN39,DN39,Total,1229,877,397,480,0,1754,133,50,83,266,205,181,11,11,2,410
DN4,DN4,Total,22686,14570,6981,7589,78,29140,3605,2864,741,7210,4052,3713,19,286,34,8104
DN40,DN40,Total,5304,3587,1663,1924,7,7174,1045,381,664,2090,616,548,2,61,5,1232
DN41,DN41,Total,2623,2207,1075,1132,6,4414,134,28,106,268,228,201,5,20,2,456
DN5,DN5,Total,17057,11958,5728,6230,85,23916,2236,1868,368,4472,2508,2277,32,181,18,5016
DN6,DN6,Total,12768,8203,3656,4547,26,16406,2681,2429,252,5362,1621,1485,10,118,8,3242
DN7,DN7,Total,9325,6294,3103,3191,19,12588,1734,1570,164,3468,1127,1011,10,100,6,2254
DN8,DN8,Total,7276,4628,2197,2431,34,9256,1400,1174,226,2800,1082,964,6,101,11,2164
DN9,DN9,Total,8277,6723,3331,3392,39,13446,652,274,378,1304,735,645,15,68,7,1470
DT1,DT1,Total,8449,5531,3108,2423,88,11062,1511,65,1446,3022,1215,1119,12,70,14,2430
DT10,DT10,Total,5179,3747,2329,1418,44,7494,744,51,693,1488,572,505,20,39,8,1144
DT11,DT11,Total,12123,7940,4312,3628,65,15880,1832,134,1698,3664,2009,1377,343,103,186,4018
DT2,DT2,Total,10746,7615,4543,3072,106,15230,1122,84,1038,2244,1587,1376,105,83,23,3174
DT3,DT3,Total,10112,7537,4326,3211,54,15074,1160,318,842,2320,1218,1095,26,91,6,2436
DT4,DT4,Total,16755,10585,5765,4820,95,21170,2401,793,1608,4802,3447,3166,28,217,36,6894
DT5,DT5,Total,5175,3524,1800,1724,32,7048,703,237,466,1406,876,802,4,53,17,1752
DT6,DT6,Total,10130,7205,4996,2209,87,14410,1430,76,1354,2860,1250,1093,28,101,28,2500
DT7,DT7,Total,2643,1948,1367,581,19,3896,326,45,281,652,299,259,3,29,8,598
DT8,DT8,Total,2776,1957,1383,574,9,3914,404,30,374,808,336,290,12,30,4,672
DT9,DT9,Total,9131,6225,4117,2108,59,12450,1284,91,1193,2568,1323,1186,50,61,26,2646
DY1,DY1,Total,12832,7284,3158,4126,117,14568,3813,3117,696,7626,1357,1221,36,60,40,2714
DY10,DY10,Total,15661,10641,5306,5335,93,21282,2373,1112,1261,4746,2378,2177,28,162,11,4756
DY11,DY11,Total,12950,8845,4568,4277,59,17690,2351,1070,1281,4702,1547,1418,7,102,20,3094
DY12,DY12,Total,5626,4330,2723,1607,26,8660,477,191,286,954,693,612,7,66,8,1386
DY13,DY13,Total,9793,7340,4082,3258,86,14680,1110,515,595,2220,1168,1070,8,77,13,2336
DY14,DY14,Total,3470,2627,1596,1031,32,5254,322,62,260,644,427,382,7,33,5,854
DY2,DY2,Total,13570,7556,3647,3909,46,15112,4100,3663,437,8200,1568,1455,12,86,15,3136
DY3,DY3,Total,14422,10179,5754,4425,137,20358,2956,2303,653,5912,912,820,6,75,11,1824
DY4,DY4,Total,17132,9013,3761,5252,130,18026,5671,4844,827,11342,1973,1860,8,91,14,3946
DY5,DY5,Total,17181,10754,4810,5944,160,21508,4101,3788,313,8202,1852,1690,17,131,14,3704
DY6,DY6,Total,11467,9849,5547,4302,33,19698,811,768,43,1622,658,596,4,47,11,1316
DY7,DY7,Total,3506,2674,1603,1071,6,5348,368,30,338,736,393,354,11,22,6,786
DY8,DY8,Total,21723,16139,8267,7872,93,32278,3085,2501,584,6170,2070,1881,18,151,20,4140
DY9,DY9,Total,12204,8770,4841,3929,46,17540,1934,1657,277,3868,1270,1162,11,83,14,2540
E1,E1,Total,25820,5312,1964,3348,683,10624,10957,5504,5453,21914,8497,7904,33,240,320,16994
E10,E10,Total,15313,6309,2588,3721,167,12618,3262,739,2523,6524,5409,5194,15,128,72,10818
E11,E11,Total,21486,10356,4494,5862,166,20712,4252,1832,2420,8504,6500,6210,29,213,48,13000
E12,E12,Total,12809,5222,2244,2978,114,10444,3058,2092,966,6116,4245,4065,17,107,56,8490
E13,E13,Total,15667,5304,2098,3206,243,10608,5295,3358,1937,10590,4633,4411,15,132,75,9266
E14,E14,Total,34326,8542,2912,5630,856,17084,11913,4347,7566,23826,12567,12059,67,278,163,25134
E15,E15,Total,19392,4864,1862,3002,574,9728,6742,4244,2498,13484,6988,6732,16,154,86,13976
E16,E16,Total,17393,4106,1136,2970,458,8212,6697,4564,2133,13394,5922,5713,20,94,95,11844
E17,E17,Total,38520,17699,6116,11583,530,35398,9287,5104,4183,18574,10576,10076,35,327,138,21152
E18,E18,Total,8483,5372,2322,3050,128,10744,763,383,380,1526,2128,2023,6,83,16,4256
E1W,E1W,Total,6048,2412,975,1437,109,4824,1224,578,646,2448,2220,2091,30,81,18,4440
E2,E2,Total,18936,4381,1492,2889,366,8762,8523,5545,2978,17046,5465,5175,23,198,69,10930
E3,E3,Total,20428,4577,1528,3049,472,9154,9468,2991,6477,18936,5666,5377,9,211,69,11332
E4,E4,Total,23938,16430,7535,8895,146,32860,4167,2256,1911,8334,2965,2758,26,148,33,5930
E5,E5,Total,19228,4789,1773,3016,354,9578,8491,4154,4337,16982,5366,5099,19,183,65,10732
E6,E6,Total,24280,9690,3556,6134,223,19380,6177,3654,2523,12354,7911,7544,18,247,102,15822
E7,E7,Total,16180,6630,2918,3712,216,13260,3139,1215,1924,6278,5992,5707,19,181,85,11984
E8,E8,Total,17254,3694,1190,2504,366,7388,7826,3641,4185,15652,5142,4932,12,148,50,10284
E9,E9,Total,15708,3193,993,2200,431,6386,8879,4427,4452,17758,3003,2841,10,109,43,6006
EC1A,EC1A,Total,579,179,83,96,0,358,42,3,39,84,329,313,4,5,7,658
EC1M,EC1M,Total,1030,428,206,222,5,856,116,16,100,232,460,432,2,15,11,920
EC1N,EC1N,Total,1259,260,109,151,1,520,655,593,62,1310,322,306,0,10,6,644
EC1R,EC1R,Total,2457,683,293,390,15,1366,1062,623,439,2124,652,606,6,33,7,1304
EC1V,EC1V,Total,6016,1230,499,731,38,2460,3030,2408,622,6060,1644,1540,5,52,47,3288
EC1Y,EC1Y,Total,1900,407,181,226,9,814,1090,546,544,2180,364,332,2,20,10,728
EC2A,EC2A,Total,714,161,55,106,22,322,56,14,42,112,452,443,3,4,2,904
EC2Y,EC2Y,Total,1893,1174,738,436,11,2348,112,81,31,224,535,502,1,26,6,1070
EC3R,EC3R,Total,150,46,16,30,0,92,2,0,2,4,89,85,1,3,0,178
EC4A,EC4A,Total,110,22,11,11,0,44,0,0,0,0,82,78,2,2,0,164
EC4V,EC4V,Total,385,121,72,49,1,242,5,1,4,10,218,199,1,13,5,436
EC4Y,EC4Y,Total,219,63,39,24,0,126,9,2,7,18,124,94,2,6,22,248
EN1,EN1,Total,17578,11212,4842,6370,105,22424,2881,2089,792,5762,3190,3068,15,81,26,6380
EN10,EN10,Total,6784,5022,2280,2742,53,10044,894,132,762,1788,767,722,3,38,4,1534
EN11,EN11,Total,8722,6432,2918,3514,55,12864,1110,144,966,2220,1053,975,8,64,6,2106
EN2,EN2,Total,12713,8963,4356,4607,94,17926,1181,905,276,2362,2322,2155,40,98,29,4644
EN3,EN3,Total,21108,10539,4114,6425,306,21078,5120,3412,1708,10240,4835,4636,13,144,42,9670
EN4,EN4,Total,10023,7322,3562,3760,64,14644,800,524,276,1600,1717,1631,9,61,16,3434
EN5,EN5,Total,15541,10280,5054,5226,175,20560,2233,1444,789,4466,2644,2506,15,97,26,5288
EN6,EN6,Total,11868,9179,5002,4177,48,18358,1335,247,1088,2670,1182,1084,13,75,10,2364
EN7,EN7,Total,8312,6763,2918,3845,153,13526,870,145,725,1740,464,429,3,31,1,928
EN8,EN8,Total,14932,10035,4593,5442,163,20070,2618,825,1793,5236,2007,1895,12,82,18,4014
EN9,EN9,Total,10171,6951,3256,3695,54,13902,2046,1624,422,4092,991,910,15,57,9,1982
EX1,EX1,Total,9224,5212,2562,2650,47,10424,1969,1360,609,3938,1845,1732,14,89,10,3690
EX10,EX10,Total,8077,6304,4585,1719,56,12608,748,560,188,1496,823,726,21,60,16,1646
EX11,EX11,Total,3321,2639,1567,1072,20,5278,249,192,57,498,379,343,8,25,3,758
EX12,EX12,Total,4605,3484,2503,981,25,6968,365,245,120,730,665,591,14,55,5,1330
EX13,EX13,Total,5119,3762,2490,1272,30,7524,597,425,172,1194,641,546,14,74,7,1282
EX14,EX14,Total,9198,6914,4118,2796,38,13828,866,611,255,1732,1235,1104,14,104,13,2470
EX15,EX15,Total,8813,6310,3218,3092,79,12620,1039,629,410,2078,1211,1083,31,86,11,2422
EX16,EX16,Total,13816,9006,5013,3993,152,18012,2007,1390,617,4014,2369,2144,46,147,32,4738
EX17,EX17,Total,8200,5921,3211,2710,69,11842,853,561,292,1706,1223,1106,29,80,8,2446
EX18,EX18,Total,1379,1045,679,366,10,2090,111,45,66,222,185,169,9,7,0,370
EX19,EX19,Total,1590,1245,824,421,12,2490,93,17,76,186,198,181,2,14,1,396
EX2,EX2,Total,17706,11427,5568,5859,172,22854,2661,1771,890,5322,3250,2977,44,195,34,6500
EX20,EX20,Total,8443,6037,3611,2426,56,12074,760,176,584,1520,1440,1285,31,107,17,2880
EX21,EX21,Total,1855,1513,962,551,8,3026,83,19,64,166,201,163,2,34,2,402
EX22,EX22,Total,4398,3217,2064,1153,22,6434,333,109,224,666,722,645,15,57,5,1444
EX23,EX23,Total,6910,4865,3140,1725,97,9730,741,382,359,1482,1078,969,8,92,9,2156
EX24,EX24,Total,1707,1359,974,385,4,2718,176,124,52,352,146,131,6,7,2,292
EX3,EX3,Total,2407,1810,1242,568,14,3620,151,120,31,302,387,350,9,25,3,774
EX31,EX31,Total,10592,7720,4551,3169,110,15440,1046,192,854,2092,1575,1191,149,118,117,3150
EX32,EX32,Total,10049,6236,3020,3216,31,12472,1599,456,1143,3198,2039,1847,37,128,27,4078
EX33,EX33,Total,4461,3417,2073,1344,36,6834,330,62,268,660,602,515,18,53,16,1204
EX34,EX34,Total,7525,4858,2789,2069,24,9716,622,112,510,1244,1880,1730,26,106,18,3760
EX35,EX35,Total,715,497,302,195,3,994,63,9,54,126,132,115,3,12,2,264
EX36,EX36,Total,3703,2463,1510,953,48,4926,425,93,332,850,668,593,11,56,8,1336
EX37,EX37,Total,1379,1096,666,430,10,2192,68,17,51,136,174,144,3,24,3,348
EX38,EX38,Total,3471,2470,1396,1074,9,4940,332,64,268,664,613,548,8,52,5,1226
EX39,EX39,Total,16773,11541,6817,4724,145,23082,1727,377,1350,3454,3078,2797,37,216,28,6156
EX4,EX4,Total,21583,12336,6245,6091,244,24672,3675,1557,2118,7350,5093,4775,30,246,42,10186
EX5,EX5,Total,7803,5774,3191,2583,39,11548,772,586,186,1544,1076,943,26,77,30,2152
EX6,EX6,Total,5919,4544,2680,1864,27,9088,415,115,300,830,837,769,15,47,6,1674
EX7,EX7,Total,5635,3860,2327,1533,93,7720,482,95,387,964,1103,1003,10,80,10,2206
EX8,EX8,Total,16312,11591,6475,5116,87,23182,1704,1156,548,3408,2727,2362,99,188,78,5454
EX9,EX9,Total,3232,2475,1790,685,21,4950,256,201,55,512,418,374,10,25,9,836
FY1,FY1,Total,15425,6643,3186,3457,67,13286,1651,755,896,3302,6894,6595,18,243,38,13788
FY2,FY2,Total,11131,7667,3747,3920,55,15334,1168,861,307,2336,2123,1962,6,143,12,4246
FY3,FY3,Total,14266,9042,4067,4975,43,18084,2279,1799,480,4558,2738,2438,18,262,20,5476
FY4,FY4,Total,19537,13086,6477,6609,47,26172,1769,1264,505,3538,4424,4027,20,349,28,8848
FY5,FY5,Total,20408,16398,8945,7453,95,32796,775,219,556,1550,2950,2676,15,234,25,5900
FY6,FY6,Total,12601,10526,6093,4433,48,21052,464,47,417,928,1417,1264,18,118,17,2834
FY7,FY7,Total,11173,7169,3660,3509,49,14338,1939,373,1566,3878,1861,1694,33,122,12,3722
FY8,FY8,Total,21434,15261,8787,6474,71,30522,1380,204,1176,2760,4441,4105,25,283,28,8882
GL1,GL1,Total,14422,7418,3219,4199,154,14836,2147,1003,1144,4294,4523,4262,37,179,45,9046
GL10,GL10,Total,5800,4098,2072,2026,39,8196,959,843,116,1918,605,559,5,37,4,1210
GL11,GL11,Total,7770,5628,2905,2723,58,11256,1284,1074,210,2568,699,628,9,56,6,1398
GL12,GL12,Total,5686,4366,2144,2222,15,8732,645,418,227,1290,579,530,11,35,3,1158
GL13,GL13,Total,2479,1752,963,789,14,3504,294,252,42,588,382,341,8,23,10,764
GL14,GL14,Total,6702,4734,2562,2172,21,9468,992,203,789,1984,848,764,12,59,13,1696
GL15,GL15,Total,8787,6564,3553,3011,63,13128,1155,183,972,2310,862,761,10,77,14,1724
GL16,GL16,Total,5746,4157,2241,1916,11,8314,848,145,703,1696,642,574,5,51,12,1284
GL17,GL17,Total,4603,3637,1940,1697,44,7274,510,94,416,1020,357,289,7,53,8,714
GL18,GL18,Total,3189,2307,1342,965,22,4614,362,72,290,724,439,390,5,42,2,878
GL19,GL19,Total,3712,2959,1792,1167,28,5918,257,39,218,514,391,341,10,32,8,782
GL2,GL2,Total,20869,15812,6862,8950,257,31624,1704,825,879,3408,2910,2594,78,183,55,5820
GL20,GL20,Total,12077,8483,4020,4463,114,16966,1671,216,1455,3342,1671,1433,65,123,50,3342
GL3,GL3,Total,12982,9782,4994,4788,89,19564,1385,394,991,2770,1621,1219,177,115,110,3242
GL4,GL4,Total,19745,14151,6277,7874,173,28302,3143,2273,870,6286,2088,1845,27,185,31,4176
GL5,GL5,Total,13365,9470,4756,4714,59,18940,1847,1328,519,3694,1832,1695,11,114,12,3664
GL50,GL50,Total,10334,5311,2750,2561,34,10622,839,344,495,1678,4043,3864,17,143,19,8086
GL51,GL51,Total,22142,14492,7018,7474,247,28984,3902,2662,1240,7804,3261,2974,18,227,42,6522
GL52,GL52,Total,19305,13600,6930,6670,142,27200,2046,1019,1027,4092,3302,3094,11,172,25,6604
GL53,GL53,Total,8345,6644,3653,2991,16,13288,366,196,170,732,1225,1136,17,62,10,2450
GL54,GL54,Total,9889,6666,4017,2649,146,13332,1230,144,1086,2460,1469,1294,64,76,35,2938
GL55,GL55,Total,2451,1694,1076,618,46,3388,338,31,307,676,297,256,17,17,7,594
GL56,GL56,Total,3915,2512,1508,1004,59,5024,602,60,542,1204,595,511,42,28,14,1190
GL6,GL6,Total,10472,7995,4562,3433,59,15990,976,715,261,1952,1293,1176,26,68,23,2586
GL7,GL7,Total,18170,11825,6553,5272,219,23650,2951,364,2587,5902,2795,2407,146,152,90,5590
GL8,GL8,Total,3694,2426,1369,1057,49,4852,567,75,492,1134,517,448,35,26,8,1034
GL9,GL9,Total,1089,693,353,340,6,1386,95,15,80,190,228,196,16,11,5,456
GU1,GU1,Total,12372,7237,3431,3806,228,14474,1893,1330,563,3786,2865,2684,44,105,32,5730
GU10,GU10,Total,8675,6999,3543,3456,45,13998,685,428,257,1370,785,700,26,36,23,1570
GU11,GU11,Total,8646,4112,1564,2548,200,8224,1450,193,1257,2900,2810,1544,657,68,541,5620
GU12,GU12,Total,12879,9203,3548,5655,83,18406,1914,639,1275,3828,1580,1408,16,118,38,3160
GU14,GU14,Total,21664,14946,5558,9388,402,29892,3418,410,3008,6836,2725,2314,109,199,103,5450
GU15,GU15,Total,13076,9144,4081,5063,178,18288,1678,216,1462,3356,1956,1583,199,70,104,3912
GU16,GU16,Total,9202,7167,3212,3955,68,14334,728,87,641,1456,1153,844,149,56,104,2306
GU17,GU17,Total,4189,3490,1552,1938,31,6980,248,26,222,496,388,331,13,35,9,776
GU18,GU18,Total,2778,2398,1133,1265,5,4796,116,16,100,232,245,229,1,13,2,490
GU19,GU19,Total,2332,1733,700,1033,4,3466,265,27,238,530,303,281,9,8,5,606
GU2,GU2,Total,11773,7146,3203,3943,212,14292,2112,1711,401,4224,2171,1985,24,88,74,4342
GU20,GU20,Total,1782,1479,718,761,3,2958,78,13,65,156,196,179,9,8,0,392
GU21,GU21,Total,19680,13298,5457,7841,244,26596,2998,2109,889,5996,2963,2769,30,134,30,5926
GU22,GU22,Total,13273,9485,4725,4760,96,18970,1184,815,369,2368,2376,2244,26,80,26,4752
GU23,GU23,Total,2674,2047,1067,980,15,4094,269,192,77,538,288,206,63,15,4,576
GU24,GU24,Total,6349,4962,2334,2628,37,9924,364,103,261,728,890,474,216,25,175,1780
GU25,GU25,Total,2131,1591,905,686,30,3182,78,65,13,156,376,345,19,7,5,752
GU26,GU26,Total,2977,2306,1218,1088,21,4612,226,111,115,452,378,327,12,23,16,756
GU27,GU27,Total,7293,5337,2643,2694,77,10674,1005,655,350,2010,776,701,20,45,10,1552
GU28,GU28,Total,2824,1688,1011,677,20,3376,498,80,418,996,490,412,37,24,17,980
GU29,GU29,Total,4271,2672,1666,1006,38,5344,771,122,649,1542,657,574,37,31,15,1314
GU3,GU3,Total,4488,3584,1971,1613,38,7168,414,291,123,828,393,317,29,23,24,786
GU30,GU30,Total,3783,2845,1463,1382,37,5690,439,54,385,878,400,354,19,22,5,800
GU31,GU31,Total,4825,3542,2030,1512,46,7084,578,74,504,1156,585,519,16,40,10,1170
GU32,GU32,Total,4941,3088,1640,1448,52,6176,839,113,726,1678,836,731,51,43,11,1672
GU33,GU33,Total,3364,2517,1367,1150,14,5034,354,40,314,708,431,395,11,17,8,862
GU34,GU34,Total,12283,8833,4542,4291,134,17666,1634,243,1391,3268,1461,1249,76,101,35,2922
GU35,GU35,Total,9106,6530,2740,3790,108,13060,1309,187,1122,2618,1062,729,163,57,113,2124
GU4,GU4,Total,6663,5042,2560,2482,91,10084,548,374,174,1096,875,819,11,37,8,1750
GU46,GU46,Total,5833,4948,2169,2779,15,9896,411,22,389,822,426,365,21,31,9,852
GU47,GU47,Total,7485,6090,2301,3789,30,12180,569,189,380,1138,744,598,43,62,41,1488
GU5,GU5,Total,4498,3338,1881,1457,32,6676,500,407,93,1000,530,462,37,20,11,1060
GU51,GU51,Total,9422,7222,3135,4087,225,14444,585,45,540,1170,1312,1233,15,56,8,2624
GU52,GU52,Total,6253,5090,2351,2739,34,10180,336,23,313,672,761,498,158,26,79,1522
GU6,GU6,Total,5939,4486,2577,1909,66,8972,704,497,207,1408,564,465,63,27,9,1128
GU7,GU7,Total,9268,6394,3072,3322,93,12788,1288,1039,249,2576,1365,1213,62,65,25,2730
GU8,GU8,Total,6959,5164,2743,2421,101,10328,854,719,135,1708,640,549,35,44,12,1280
GU9,GU9,Total,12341,8754,4280,4474,142,17508,1787,1215,572,3574,1512,1400,23,77,12,3024
HA0,HA0,Total,14863,8223,3748,4475,167,16446,1929,851,1078,3858,4321,4063,17,165,76,8642
HA1,HA1,Total,14480,7726,3485,4241,203,15452,1575,624,951,3150,4723,4466,45,138,74,9446
HA2,HA2,Total,19163,12166,5419,6747,217,24332,2371,1169,1202,4742,4168,3912,29,172,55,8336
HA3,HA3,Total,23034,14825,7113,7712,286,29650,2861,1723,1138,5722,4770,4513,31,172,54,9540
HA4,HA4,Total,19511,15004,6873,8131,144,30008,1654,995,659,3308,2558,2206,126,132,94,5116
HA5,HA5,Total,17660,13498,7138,6360,62,26996,1546,1106,440,3092,2362,2207,26,95,34,4724
HA6,HA6,Total,8823,6072,3363,2709,31,12144,947,432,515,1894,1655,1410,131,51,63,3310
HA7,HA7,Total,13075,9163,4594,4569,87,18326,1315,738,577,2630,2317,2082,77,93,65,4634
HA8,HA8,Total,22947,13216,6089,7127,219,26432,4247,2920,1327,8494,4905,4618,54,171,62,9810
HA9,HA9,Total,15679,7589,3825,3764,381,15178,2663,858,1805,5326,4815,4613,27,122,53,9630
HD1,HD1,Total,8889,3790,2043,1747,33,7580,1648,857,791,3296,3172,3014,15,114,29,6344
HD2,HD2,Total,12071,7369,3474,3895,52,14738,2407,1792,615,4814,2017,1842,6,147,22,4034
HD3,HD3,Total,13044,8949,4221,4728,39,17898,1471,1105,366,2942,2410,2215,16,165,14,4820
HD4,HD4,Total,13195,8309,4136,4173,73,16618,2441,2034,407,4882,2105,1936,8,135,26,4210
HD5,HD5,Total,13557,8893,4306,4587,48,17786,2398,2050,348,4796,1994,1805,7,166,16,3988
HD6,HD6,Total,12340,8581,4092,4489,35,17162,1710,721,989,3420,1858,1701,17,116,24,3716
HD7,HD7,Total,9820,7418,3434,3984,13,14836,746,646,100,1492,1512,1362,8,129,13,3024
HD8,HD8,Total,13850,11137,5474,5663,44,22274,920,767,153,1840,1551,1397,17,119,18,3102
HD9,HD9,Total,14942,11706,5910,5796,42,23412,1216,1040,176,2432,1774,1575,18,162,19,3548
HG1,HG1,Total,15537,10017,4743,5274,97,20034,1675,918,757,3350,3539,3298,32,184,25,7078
HG2,HG2,Total,14243,10665,5752,4913,106,21330,1001,486,515,2002,2304,2143,20,123,18,4608
HG3,HG3,Total,11054,8098,4309,3789,51,16196,924,553,371,1848,1759,1518,80,88,73,3518
HG4,HG4,Total,10884,7224,4005,3219,70,14448,1300,819,481,2600,2050,1652,179,114,105,4100
HG5,HG5,Total,7806,6066,3251,2815,42,12132,695,433,262,1390,903,808,17,68,10,1806
HP1,HP1,Total,10246,6575,2795,3780,43,13150,2410,2062,348,4820,1120,1034,9,68,9,2240
HP10,HP10,Total,7722,6094,2891,3203,56,12188,758,575,183,1516,737,657,17,60,3,1474
HP11,HP11,Total,5106,2914,1212,1702,97,5828,677,373,304,1354,1341,1179,64,48,50,2682
HP12,HP12,Total,8469,5265,2012,3253,129,10530,1387,989,398,2774,1591,1486,17,65,23,3182
HP13,HP13,Total,16733,10211,3849,6362,282,20422,3090,1928,1162,6180,2946,2736,27,139,44,5892
HP14,HP14,Total,7006,5120,2577,2543,48,10240,694,444,250,1388,1023,591,239,42,151,2046
HP15,HP15,Total,6829,5938,3065,2873,20,11876,398,116,282,796,409,357,15,30,7,818
HP16,HP16,Total,4727,3805,2116,1689,9,7610,435,54,381,870,418,376,22,16,4,836
HP17,HP17,Total,4182,3301,1798,1503,21,6602,373,123,250,746,420,366,16,29,9,840
HP18,HP18,Total,5216,3904,1839,2065,21,7808,587,141,446,1174,597,513,40,33,11,1194
HP19,HP19,Total,9428,6136,1805,4331,85,12272,1633,440,1193,3266,1488,1382,10,86,10,2976
HP2,HP2,Total,16128,8369,3309,5060,188,16738,5377,4034,1343,10754,2064,1926,13,110,15,4128
HP20,HP20,Total,5991,3573,1428,2145,56,7146,1007,206,801,2014,1311,1218,7,68,18,2622
HP21,HP21,Total,13378,9030,3625,5405,228,18060,2113,613,1500,4226,1885,1679,46,119,41,3770
HP22,HP22,Total,9922,7592,3736,3856,42,15184,1023,228,795,2046,1137,777,191,55,114,2274
HP23,HP23,Total,7164,5452,2658,2794,21,10904,858,715,143,1716,765,679,31,41,14,1530
HP27,HP27,Total,5103,3896,2188,1708,22,7792,638,474,164,1276,473,411,21,24,17,946
HP3,HP3,Total,12670,8500,3728,4772,63,17000,2502,1972,530,5004,1510,1374,20,92,24,3020
HP4,HP4,Total,10137,7489,3849,3640,46,14978,1254,992,262,2508,1242,1133,38,61,10,2484
HP5,HP5,Total,10306,7251,3610,3641,86,14502,1878,300,1578,3756,1001,924,12,52,13,2002
HP6,HP6,Total,5554,4212,2394,1818,54,8424,722,99,623,1444,518,481,9,20,8,1036
HP7,HP7,Total,4400,3140,1600,1540,55,6280,590,81,509,1180,557,525,7,22,3,1114
HP8,HP8,Total,2681,2244,1265,979,22,4488,197,34,163,394,186,175,4,4,3,372
HP9,HP9,Total,6722,4947,2795,2152,47,9894,775,51,724,1550,857,742,54,27,34,1714
HR1,HR1,Total,13360,9400,5418,3982,115,18800,1610,385,1225,3220,2010,1798,55,125,32,4020
HR2,HR2,Total,16150,10060,5270,4790,170,20120,3443,1334,2109,6886,2194,1817,126,170,81,4388
HR3,HR3,Total,3502,2480,1746,734,16,4960,352,172,180,704,560,487,18,51,4,1120
HR4,HR4,Total,13123,8758,4766,3992,161,17516,1505,362,1143,3010,2478,2179,110,127,62,4956
HR5,HR5,Total,2030,1282,861,421,20,2564,269,26,243,538,394,356,18,18,2,788
HR6,HR6,Total,8908,5888,3704,2184,89,11776,1261,88,1173,2522,1484,1339,38,80,27,2968
HR7,HR7,Total,3131,2137,1323,814,18,4274,451,42,409,902,457,406,18,29,4,914
HR8,HR8,Total,6131,4204,2534,1670,89,8408,755,81,674,1510,973,894,19,43,17,1946
HR9,HR9,Total,9145,6559,3914,2645,61,13118,1053,306,747,2106,1300,1144,50,88,18,2600
HU1,HU1,Total,2122,344,133,211,10,688,763,390,373,1526,941,902,4,21,14,1882
HU10,HU10,Total,8097,6886,3731,3155,12,13772,540,504,36,1080,571,519,4,43,5,1142
HU11,HU11,Total,5139,4251,2390,1861,12,8502,314,246,68,628,472,401,9,42,20,944
HU12,HU12,Total,10871,8512,4197,4315,17,17024,896,717,179,1792,1266,1107,18,113,28,2532
HU13,HU13,Total,6306,4667,2049,2618,15,9334,602,513,89,1204,976,904,6,59,7,1952
HU14,HU14,Total,3467,3065,1655,1410,5,6130,115,84,31,230,253,238,0,15,0,506
HU15,HU15,Total,9717,8032,3537,4495,32,16064,501,395,106,1002,1030,937,13,73,7,2060
HU16,HU16,Total,6919,5486,3195,2291,14,10972,644,583,61,1288,685,614,10,50,11,1370
HU17,HU17,Total,18733,13958,6922,7036,81,27916,1963,1487,476,3926,2448,2147,72,173,56,4896
HU18,HU18,Total,3886,2893,1683,1210,8,5786,385,248,137,770,547,498,7,39,3,1094
HU19,HU19,Total,3098,1958,1098,860,10,3916,451,405,46,902,610,544,6,54,6,1220
HU2,HU2,Total,2170,415,153,262,8,830,1116,887,229,2232,589,555,3,26,5,1178
HU20,HU20,Total,422,361,206,155,1,722,15,15,0,30,39,38,1,0,0,78
HU3,HU3,Total,12928,4310,1747,2563,79,8620,3846,2741,1105,7692,4459,4284,11,122,42,8918
HU4,HU4,Total,10202,6169,2649,3520,100,12338,2578,1956,622,5156,1213,1097,3,100,13,2426
HU5,HU5,Total,22633,12319,5183,7136,93,24638,2986,1973,1013,5972,6983,6629,20,290,44,13966
HU6,HU6,Total,14114,6521,3002,3519,25,13042,5287,4135,1152,10574,2062,1742,4,119,197,4124
HU7,HU7,Total,17171,9992,3402,6590,38,19984,5160,4138,1022,10320,1757,1581,5,142,29,3514
HU8,HU8,Total,15131,9527,3944,5583,57,19054,3179,2844,335,6358,2136,1949,6,159,22,4272
HU9,HU9,Total,18703,8227,3119,5108,103,16454,6955,4997,1958,13910,3127,2925,9,174,19,6254
HX1,HX1,Total,8935,4631,2256,2375,23,9262,1618,373,1245,3236,2446,2237,14,139,56,4892
HX2,HX2,Total,15502,10424,4948,5476,54,20848,2889,1238,1651,5778,1944,1696,14,202,32,3888
HX3,HX3,Total,20308,14026,6540,7486,49,28052,2957,1093,1864,5914,3058,2735,22,277,24,6116
HX4,HX4,Total,5195,3896,1676,2220,51,7792,494,134,360,988,692,611,4,70,7,1384
HX5,HX5,Total,4605,2811,1281,1530,27,5622,829,311,518,1658,877,802,5,63,7,1754
HX6,HX6,Total,8327,5380,2257,3123,50,10760,1333,445,888,2666,1437,1311,3,106,17,2874
HX7,HX7,Total,6183,4390,2278,2112,47,8780,704,150,554,1408,976,887,3,73,13,1952
IG1,IG1,Total,20155,10122,4370,5752,266,20244,2582,1114,1468,5164,6918,6627,23,204,64,13836
IG10,IG10,Total,13151,9211,4153,5058,59,18422,2273,1965,308,4546,1454,1364,9,71,10,2908
IG11,IG11,Total,19208,7673,2742,4931,293,15346,6666,5626,1040,13332,4387,4099,11,202,75,8774
IG2,IG2,Total,9618,6396,2832,3564,130,12792,639,296,343,1278,2364,2226,12,98,28,4728
IG3,IG3,Total,11229,6842,2910,3932,79,13684,878,412,466,1756,3280,3114,9,116,41,6560
IG4,IG4,Total,2734,2127,985,1142,10,4254,112,95,17,224,456,423,1,29,3,912
IG5,IG5,Total,5814,4375,2008,2367,11,8750,672,443,229,1344,696,633,1,55,7,1392
IG6,IG6,Total,10335,6953,3170,3783,105,13906,1578,1108,470,3156,1574,1484,8,71,11,3148
IG7,IG7,Total,7916,5435,2523,2912,67,10870,1352,1048,304,2704,935,851,26,45,13,1870
IG8,IG8,Total,14013,9995,4654,5341,74,19990,1936,1452,484,3872,1847,1719,14,94,20,3694
IG9,IG9,Total,5520,4161,1999,2162,19,8322,446,337,109,892,833,778,9,43,3,1666
IP1,IP1,Total,16807,9485,4390,5095,105,18970,3527,2386,1141,7054,3501,3294,24,143,40,7002
IP10,IP10,Total,1326,1020,630,390,14,2040,111,11,100,222,154,135,11,6,2,308
IP11,IP11,Total,13108,9024,5042,3982,32,18048,1880,201,1679,3760,2033,1868,32,109,24,4066
IP12,IP12,Total,10389,7405,4453,2952,47,14810,1118,64,1054,2236,1631,1344,136,82,69,3262
IP13,IP13,Total,7516,5448,3307,2141,51,10896,970,182,788,1940,876,767,47,49,13,1752
IP14,IP14,Total,16276,11991,5902,6089,185,23982,1999,1413,586,3998,1876,1682,46,116,32,3752
IP15,IP15,Total,1316,1000,800,200,4,2000,147,18,129,294,136,109,11,12,4,272
IP16,IP16,Total,2920,1811,1063,748,7,3622,583,54,529,1166,466,423,9,26,8,932
IP17,IP17,Total,4872,3402,2176,1226,46,6804,733,59,674,1466,602,542,16,37,7,1204
IP18,IP18,Total,2050,1537,1176,361,25,3074,283,183,100,566,162,131,8,20,3,324
IP19,IP19,Total,4689,3479,2348,1131,20,6958,566,386,180,1132,537,477,18,39,3,1074
IP2,IP2,Total,13767,6889,3147,3742,99,13778,4585,2855,1730,9170,2021,1859,14,117,31,4042
IP20,IP20,Total,3524,2570,1552,1018,71,5140,436,136,300,872,391,349,11,27,4,782
IP21,IP21,Total,4836,3514,2076,1438,45,7028,573,308,265,1146,595,513,16,59,7,1190
IP22,IP22,Total,9551,6862,4057,2805,49,13724,1144,405,739,2288,1307,1168,20,93,26,2614
IP23,IP23,Total,2920,2229,1258,971,20,4458,328,234,94,656,289,249,10,28,2,578
IP24,IP24,Total,11099,6372,2745,3627,90,12744,2166,449,1717,4332,2274,2027,82,118,47,4548
IP25,IP25,Total,7482,5374,3165,2209,55,10748,885,110,775,1770,1044,920,37,69,18,2088
IP26,IP26,Total,3706,2553,1378,1175,8,5106,352,68,284,704,651,529,61,39,22,1302
IP27,IP27,Total,7681,4666,2505,2161,52,9332,869,289,580,1738,1706,1407,132,79,88,3412
IP28,IP28,Total,10180,5785,2712,3073,164,11570,1446,482,964,2892,2531,2349,62,74,46,5062
IP29,IP29,Total,3726,2878,1641,1237,9,5756,389,156,233,778,379,335,21,19,4,758
IP3,IP3,Total,14407,8534,3805,4729,106,17068,2823,2019,804,5646,2778,2614,34,108,22,5556
IP30,IP30,Total,5649,4254,2242,2012,41,8508,759,440,319,1518,495,437,15,29,14,990
IP31,IP31,Total,8322,6063,3324,2739,58,12126,863,415,448,1726,1177,768,219,52,138,2354
IP32,IP32,Total,7029,4189,1608,2581,123,8378,1520,644,876,3040,1135,1039,4,75,17,2270
IP33,IP33,Total,11217,7228,4279,2949,61,14456,1655,514,1141,3310,2139,1979,33,104,23,4278
IP4,IP4,Total,15561,10329,4813,5516,67,20658,1614,886,728,3228,3385,3221,15,132,17,6770
IP5,IP5,Total,8016,6446,3150,3296,20,12892,419,26,393,838,1080,1023,5,47,5,2160
IP6,IP6,Total,6925,5412,2845,2567,23,10824,631,409,222,1262,759,660,24,59,16,1518
IP7,IP7,Total,6624,4379,2527,1852,53,8758,958,675,283,1916,1083,682,259,40,102,2166
IP8,IP8,Total,4788,3700,1814,1886,19,7400,410,277,133,820,599,509,34,37,19,1198
IP9,IP9,Total,4624,3632,2098,1534,7,7264,357,256,101,714,475,385,36,44,10,950
KT1,KT1,Total,10155,4680,1920,2760,107,9360,2183,1548,635,4366,3069,2836,31,109,93,6138
KT10,KT10,Total,7916,6329,3211,3118,40,12658,585,106,479,1170,871,814,27,22,8,1742
KT11,KT11,Total,5736,4082,2145,1937,27,8164,590,159,431,1180,921,833,36,41,11,1842
KT12,KT12,Total,15318,10539,4629,5910,193,21078,2117,437,1680,4234,2315,2169,28,90,28,4630
KT13,KT13,Total,9082,6341,2997,3344,39,12682,594,135,459,1188,1975,1877,18,72,8,3950
KT14,KT14,Total,5494,4196,1916,2280,20,8392,497,373,124,994,728,620,45,41,22,1456
KT15,KT15,Total,11515,8858,4149,4709,104,17716,1158,944,214,2316,1273,1134,40,79,20,2546
KT16,KT16,Total,7999,5456,2681,2775,106,10912,1292,698,594,2584,1039,899,58,32,50,2078
KT17,KT17,Total,9329,7400,3722,3678,18,14800,390,32,358,780,1440,1313,54,60,13,2880
KT18,KT18,Total,7261,5447,2761,2686,52,10894,748,108,640,1496,939,821,47,40,31,1878
KT19,KT19,Total,13195,9886,4330,5556,199,19772,1505,109,1396,3010,1528,1392,12,108,16,3056
KT2,KT2,Total,11852,7399,3264,4135,83,14798,1306,802,504,2612,2917,2670,89,89,69,5834
KT20,KT20,Total,8478,6771,3557,3214,108,13542,834,147,687,1668,672,614,10,35,13,1344
KT21,KT21,Total,5484,4553,2493,2060,21,9106,433,59,374,866,422,377,14,27,4,844
KT22,KT22,Total,10015,7320,3816,3504,137,14640,1143,154,989,2286,1299,1181,38,68,12,2598
KT23,KT23,Total,4565,3541,2064,1477,9,7082,596,75,521,1192,379,329,12,28,10,758
KT24,KT24,Total,3740,3204,1846,1358,21,6408,192,135,57,384,280,249,12,11,8,560
KT3,KT3,Total,14339,10098,4706,5392,104,20196,1353,973,380,2706,2634,2476,14,107,37,5268
KT4,KT4,Total,11416,9155,4186,4969,46,18310,642,174,468,1284,1483,1379,6,90,8,2966
KT5,KT5,Total,7968,5441,2351,3090,44,10882,839,569,270,1678,1588,1506,5,61,16,3176
KT6,KT6,Total,13456,8127,3390,4737,86,16254,1205,598,607,2410,3916,3745,26,112,33,7832
KT7,KT7,Total,4063,3204,1343,1861,12,6408,298,50,248,596,508,473,4,28,3,1016
KT8,KT8,Total,8305,6170,2849,3321,52,12340,815,203,612,1630,1185,1079,19,63,24,2370
KT9,KT9,Total,8338,6412,2611,3801,53,12824,1009,757,252,2018,799,702,13,73,11,1598
L1,L1,Total,3787,452,190,262,118,904,767,79,688,1534,2407,2320,4,47,36,4814
L10,L10,Total,6377,4785,2282,2503,19,9570,868,294,574,1736,639,591,4,36,8,1278
L11,L11,Total,10683,4334,1888,2446,34,8668,5046,1336,3710,10092,1094,1014,0,44,36,2188
L12,L12,Total,13124,9821,3985,5836,70,19642,1433,257,1176,2866,1659,1513,15,114,17,3318
L13,L13,Total,13690,7470,3289,4181,52,14940,2887,497,2390,5774,3090,2885,16,161,28,6180
L14,L14,Total,10624,5748,2428,3320,40,11496,3678,1163,2515,7356,1023,949,2,55,17,2046
L15,L15,Total,12543,6091,2815,3276,70,12182,2014,223,1791,4028,4222,3992,8,189,33,8444
L16,L16,Total,5696,5061,2366,2695,4,10122,142,32,110,284,447,395,5,43,4,894
L17,L17,Total,11569,5369,2379,2990,35,10738,2573,104,2469,5146,3502,3336,9,142,15,7004
L18,L18,Total,11721,8138,4020,4118,24,16276,815,138,677,1630,2653,1969,20,116,548,5306
L19,L19,Total,10529,6462,2949,3513,49,12924,2055,351,1704,4110,1858,1728,5,102,23,3716
L2,L2,Total,372,84,18,66,9,168,5,2,3,10,267,260,0,7,0,534
L20,L20,Total,13972,6385,2691,3694,113,12770,5159,1398,3761,10318,2141,2005,5,99,32,4282
L21,L21,Total,11131,5664,2351,3313,44,11328,3778,1203,2575,7556,1529,1435,2,78,14,3058
L22,L22,Total,6069,4028,1691,2337,25,8056,716,128,588,1432,1249,1171,1,70,7,2498
L23,L23,Total,12656,9931,5010,4921,16,19862,1366,480,886,2732,1194,1087,5,86,16,2388
L24,L24,Total,6861,2781,1250,1531,17,5562,3108,741,2367,6216,874,813,3,40,18,1748
L25,L25,Total,15294,9889,5141,4748,123,19778,3539,682,2857,7078,1514,1385,9,103,17,3028
L26,L26,Total,6136,4450,1747,2703,85,8900,1118,522,596,2236,434,386,0,46,2,868
L27,L27,Total,2775,1191,557,634,20,2382,1281,209,1072,2562,243,216,2,16,9,486
L28,L28,Total,2972,992,494,498,24,1984,1711,207,1504,3422,205,192,0,8,5,410
L29,L29,Total,152,128,47,81,0,256,9,6,3,18,13,12,0,1,0,26
L3,L3,Total,7555,1607,578,1029,43,3214,1638,227,1411,3276,4180,4013,12,104,51,8360
L30,L30,Total,8451,4992,2087,2905,103,9984,2646,1138,1508,5292,586,523,4,53,6,1172
L31,L31,Total,12584,11099,5814,5285,35,22198,520,145,375,1040,828,722,6,92,8,1656
L32,L32,Total,8804,4838,2104,2734,56,9676,2844,1292,1552,5688,950,875,1,57,17,1900
L33,L33,Total,6817,3789,1111,2678,15,7578,2115,1180,935,4230,814,765,1,38,10,1628
L34,L34,Total,5320,3580,1690,1890,25,7160,947,430,517,1894,659,600,7,42,10,1318
L35,L35,Total,12825,9535,4697,4838,36,19070,2034,1015,1019,4068,1091,982,3,95,11,2182
L36,L36,Total,16730,10205,4552,5653,71,20410,4572,2223,2349,9144,1633,1498,4,119,12,3266
L37,L37,Total,9855,8784,5235,3549,27,17568,290,79,211,580,668,587,15,55,11,1336
L38,L38,Total,1103,988,544,444,0,1976,27,16,11,54,79,62,6,8,3,158
L39,L39,Total,11395,8819,4889,3930,113,17638,964,750,214,1928,1358,1251,12,77,18,2716
L4,L4,Total,18647,8085,3769,4316,78,16170,5999,1119,4880,11998,4223,4015,7,155,46,8446
L40,L40,Total,7434,6012,3143,2869,53,12024,593,389,204,1186,671,577,7,73,14,1342
L5,L5,Total,6206,1475,700,775,52,2950,3486,613,2873,6972,1082,1023,3,33,23,2164
L6,L6,Total,11049,3368,1597,1771,35,6736,3660,478,3182,7320,3765,3598,6,108,53,7530
L7,L7,Total,7518,1895,977,918,49,3790,2647,265,2382,5294,2832,2678,10,70,74,5664
L8,L8,Total,16201,2718,1367,1351,160,5436,8556,1192,7364,17112,4496,4128,25,120,223,8992
L9,L9,Total,13605,8148,3151,4997,12,16296,2302,444,1858,4604,2982,2793,31,124,34,5964
LA1,LA1,Total,20537,12491,5729,6762,137,24982,3248,2209,1039,6496,4390,4005,21,294,70,8780
LA10,LA10,Total,1668,1181,794,387,6,2362,150,116,34,300,280,218,25,32,5,560
LA11,LA11,Total,4577,3609,2481,1128,20,7218,283,200,83,566,560,484,18,50,8,1120
LA12,LA12,Total,9159,6911,4065,2846,32,13822,854,695,159,1708,1230,1093,26,91,20,2460
LA13,LA13,Total,8041,6444,3116,3328,13,12888,808,762,46,1616,700,604,9,80,7,1400
LA14,LA14,Total,18134,12285,6293,5992,16,24570,2380,1729,651,4760,3242,2964,33,199,46,6484
LA15,LA15,Total,3436,2789,1324,1465,5,5578,241,187,54,482,355,315,5,32,3,710
LA16,LA16,Total,1427,1263,612,651,2,2526,25,25,0,50,119,101,1,17,0,238
LA17,LA17,Total,530,433,283,150,1,866,32,29,3,64,56,41,4,8,3,112
LA18,LA18,Total,3733,2749,1575,1174,8,5498,504,87,417,1008,411,368,1,38,4,822
LA19,LA19,Total,427,328,211,117,2,656,35,10,25,70,45,38,0,7,0,90
LA2,LA2,Total,8635,6899,4172,2727,43,13798,413,266,147,826,1115,970,32,96,17,2230
LA20,LA20,Total,526,407,283,124,0,814,39,14,25,78,70,57,2,7,4,140
LA21,LA21,Total,419,255,188,67,5,510,71,34,37,142,71,49,10,8,4,142
LA22,LA22,Total,2225,1220,885,335,11,2440,490,217,273,980,429,370,20,22,17,858
LA23,LA23,Total,4065,2504,1591,913,29,5008,627,344,283,1254,809,726,31,46,6,1618
LA3,LA3,Total,10674,7554,3548,4006,49,15108,643,345,298,1286,2327,2133,10,174,10,4654
LA4,LA4,Total,12234,8204,4679,3525,111,16408,1176,506,670,2352,2588,2377,14,172,25,5176
LA5,LA5,Total,7333,6073,3571,2502,35,12146,434,317,117,868,709,623,10,65,11,1418
LA6,LA6,Total,5472,4150,2568,1582,36,8300,335,222,113,670,817,711,22,75,9,1634
LA7,LA7,Total,2283,1757,1085,672,6,3514,202,166,36,404,280,236,5,36,3,560
LA8,LA8,Total,3914,3135,2064,1071,23,6270,168,114,54,336,509,440,10,53,6,1018
LA9,LA9,Total,13681,9891,5372,4519,70,19782,1678,1081,597,3356,1856,1681,14,143,18,3712
LE1,LE1,Total,5635,556,193,363,66,1112,2251,1195,1056,4502,2671,2598,8,38,27,5342
LE10,LE10,Total,20817,15838,7539,8299,119,31676,1979,1306,673,3958,2684,2444,28,187,25,5368
LE11,LE11,Total,22359,13161,6575,6586,196,26322,4149,2576,1573,8298,4589,4285,26,227,51,9178
LE12,LE12,Total,25931,20114,9861,10253,179,40228,2334,1655,679,4668,2984,2663,56,209,56,5968
LE13,LE13,Total,11613,8237,3988,4249,128,16474,1614,1176,438,3228,1533,1378,25,106,24,3066
LE14,LE14,Total,7341,5501,2806,2695,49,11002,616,494,122,1232,1016,897,39,56,24,2032
LE15,LE15,Total,12910,8982,5062,3920,146,17964,1449,325,1124,2898,2092,1542,289,104,157,4184
LE16,LE16,Total,14526,10844,5479,5365,176,21688,1371,299,1072,2742,1942,1767,32,121,22,3884
LE17,LE17,Total,8450,6570,3277,3293,88,13140,832,167,665,1664,853,759,11,67,16,1706
LE18,LE18,Total,13429,10615,5453,5162,131,21230,1238,872,366,2476,1320,1192,12,101,15,2640
LE19,LE19,Total,6180,4879,2092,2787,40,9758,536,128,408,1072,684,623,3,48,10,1368
LE2,LE2,Total,44078,24851,12168,12683,227,49702,8568,5315,3253,17136,9796,9189,41,408,158,19592
LE3,LE3,Total,41226,23371,10226,13145,286,46742,8448,6121,2327,16896,8583,8069,40,399,75,17166
LE4,LE4,Total,36405,22516,11038,11478,221,45032,7951,4968,2983,15902,5249,4772,49,340,88,10498
LE5,LE5,Total,28914,17173,8121,9052,208,34346,5912,4277,1635,11824,5150,4714,92,242,102,10300
LE6,LE6,Total,5049,4226,2112,2114,20,8452,341,236,105,682,429,392,8,26,3,858
LE65,LE65,Total,5875,4201,2157,2044,77,8402,862,565,297,1724,668,611,3,47,7,1336
LE67,LE67,Total,24687,18379,8641,9738,196,36758,3419,2460,959,6838,2428,2186,19,198,25,4856
LE7,LE7,Total,18602,14801,7528,7273,160,29602,1398,937,461,2796,1977,1756,37,161,23,3954
LE8,LE8,Total,14554,11629,5623,6006,109,23258,1297,244,1053,2594,1386,1237,12,118,19,2772
LE9,LE9,Total,23109,17989,8418,9571,165,35978,2543,1370,1173,5086,2202,1972,22,177,31,4404
LN1,LN1,Total,12258,7295,3599,3696,107,14590,1841,1397,444,3682,2803,2520,96,129,58,5606
LN10,LN10,Total,2698,2125,1482,643,51,4250,154,48,106,308,317,271,13,26,7,634
LN11,LN11,Total,12609,8664,4867,3797,84,17328,1578,386,1192,3156,2087,1889,34,139,25,4174
LN12,LN12,Total,6349,4578,3349,1229,40,9156,680,96,584,1360,970,901,10,51,8,1940
LN13,LN13,Total,3365,2388,1504,884,14,4776,370,91,279,740,522,447,20,46,9,1044
LN2,LN2,Total,16413,10212,5108,5104,98,20424,3267,2694,573,6534,2549,2302,25,180,42,5098
LN3,LN3,Total,3848,2982,1642,1340,53,5964,404,60,344,808,345,291,15,28,11,690
LN4,LN4,Total,16183,11797,5996,5801,68,23594,1756,1297,459,3512,2288,1653,341,150,144,4576
LN5,LN5,Total,13978,8301,3793,4508,40,16602,1903,1396,507,3806,3522,2972,230,203,117,7044
LN6,LN6,Total,24124,17367,8301,9066,168,34734,3528,2925,603,7056,2798,2498,30,248,22,5596
LN7,LN7,Total,2622,1905,1047,858,15,3810,321,51,270,642,333,289,15,26,3,666
LN8,LN8,Total,7562,5454,3083,2371,68,10908,692,119,573,1384,1189,1073,31,77,8,2378
LN9,LN9,Total,4436,3070,1855,1215,19,6140,469,104,365,938,781,714,10,50,7,1562
LS1,LS1,Total,2062,411,119,292,10,822,219,118,101,438,1386,1322,6,41,17,2772
LS10,LS10,Total,15872,6823,2337,4486,103,13646,5738,4673,1065,11476,2935,2747,10,141,37,5870
LS11,LS11,Total,15561,6248,2663,3585,64,12496,4381,3288,1093,8762,4566,4355,1,162,48,9132
LS12,LS12,Total,18461,9431,3732,5699,102,18862,4960,4122,838,9920,3699,3482,11,179,27,7398
LS13,LS13,Total,15659,9029,3369,5660,75,18058,4574,3993,581,9148,1760,1551,7,176,26,3520
LS14,LS14,Total,15030,7058,2698,4360,48,14116,6621,5549,1072,13242,985,850,7,110,18,1970
LS15,LS15,Total,15215,11595,6047,5548,45,23190,2007,1321,686,4014,1387,1265,8,102,12,2774
LS16,LS16,Total,15581,10702,5590,5112,32,21404,3049,2606,443,6098,1575,1396,11,126,42,3150
LS17,LS17,Total,18630,13499,6765,6734,85,26998,2439,1663,776,4878,2317,2127,20,147,23,4634
LS18,LS18,Total,8355,5960,2953,3007,36,11920,1003,823,180,2006,1247,1110,2,77,58,2494
LS19,LS19,Total,8659,6342,2923,3419,32,12684,1219,946,273,2438,963,873,4,77,9,1926
LS2,LS2,Total,3191,351,127,224,19,702,610,193,417,1220,2165,2087,8,28,42,4330
LS20,LS20,Total,5344,4134,2042,2092,21,8268,586,447,139,1172,532,472,2,47,11,1064
LS21,LS21,Total,7864,5750,2985,2765,37,11500,1035,813,222,2070,925,839,14,60,12,1850
LS22,LS22,Total,6868,5356,3017,2339,21,10712,751,573,178,1502,632,576,14,38,4,1264
LS23,LS23,Total,3714,2860,1520,1340,6,5720,419,367,52,838,359,307,21,25,6,718
LS24,LS24,Total,4968,3679,1710,1969,24,7358,587,539,48,1174,569,497,35,29,8,1138
LS25,LS25,Total,16755,12984,5954,7030,49,25968,2008,1616,392,4016,1508,1369,11,116,12,3016
LS26,LS26,Total,12788,9263,4112,5151,29,18526,2205,1865,340,4410,1132,1039,8,68,17,2264
LS27,LS27,Total,16174,10924,4200,6724,58,21848,2315,1726,589,4630,2649,2452,2,179,16,5298
LS28,LS28,Total,16639,11954,5081,6873,101,23908,2023,1734,289,4046,2315,2102,10,182,21,4630
LS29,LS29,Total,13594,10859,5991,4868,107,21718,931,263,668,1862,1510,1376,11,111,12,3020
LS3,LS3,Total,1077,140,67,73,2,280,337,134,203,674,591,577,4,8,2,1182
LS4,LS4,Total,3868,1500,712,788,25,3000,814,559,255,1628,1472,1392,7,61,12,2944
LS5,LS5,Total,3368,1621,670,951,13,3242,919,707,212,1838,774,711,2,38,23,1548
LS6,LS6,Total,16943,5338,2471,2867,77,10676,3158,1708,1450,6316,8156,7854,33,197,72,16312
LS7,LS7,Total,12737,5361,2247,3114,58,10722,4558,3063,1495,9116,2543,2387,1,106,49,5086
LS8,LS8,Total,18494,10483,4905,5578,61,20966,3706,2238,1468,7412,3938,3688,27,180,43,7876
LS9,LS9,Total,17014,4982,1846,3136,103,9964,7652,6402,1250,15304,3919,3746,14,135,24,7838
LU1,LU1,Total,16279,7295,3220,4075,63,14590,3170,2104,1066,6340,5555,5324,23,133,75,11110
LU2,LU2,Total,22707,15364,6279,9085,76,30728,2376,1595,781,4752,4696,4430,30,187,49,9392
LU3,LU3,Total,21581,14513,6192,8321,84,29026,3030,2274,756,6060,3754,3459,13,248,34,7508
LU4,LU4,Total,17789,10682,4450,6232,85,21364,3502,2243,1259,7004,3298,3021,16,186,75,6596
LU5,LU5,Total,15458,10519,4386,6133,139,21038,2807,1974,833,5614,1834,1667,22,121,24,3668
LU6,LU6,Total,12911,9522,4609,4913,96,19044,1695,1242,453,3390,1457,1331,24,84,18,2914
LU7,LU7,Total,22362,16628,7005,9623,193,33256,2650,1565,1085,5300,2621,2359,39,188,35,5242
M1,M1,Total,5197,1225,388,837,24,2450,662,263,399,1324,3210,3053,7,109,41,6420
M11,M11,Total,8679,2457,1059,1398,84,4914,4051,987,3064,8102,1919,1807,6,63,43,3838
M12,M12,Total,6201,1623,625,998,18,3246,2973,958,2015,5946,1442,1331,6,65,40,2884
M13,M13,Total,6969,1942,812,1130,34,3884,2649,1355,1294,5298,2181,2025,12,56,88,4362
M14,M14,Total,17364,4233,2007,2226,136,8466,4883,1417,3466,9766,7810,7447,9,249,105,15620
M15,M15,Total,9704,1826,494,1332,40,3652,3452,1098,2354,6904,4260,4066,7,112,75,8520
M16,M16,Total,13751,5733,2525,3208,72,11466,3961,1032,2929,7922,3754,3579,12,118,45,7508
M18,M18,Total,9758,3592,1483,2109,99,7184,3411,1088,2323,6822,2459,2312,4,100,43,4918
M19,M19,Total,13377,6856,2752,4104,152,13712,2944,929,2015,5888,3237,3011,9,172,45,6474
M20,M20,Total,20667,9833,4134,5699,95,19666,3183,985,2198,6366,7308,7011,20,242,35,14616
M21,M21,Total,12444,6835,2753,4082,67,13670,2243,660,1583,4486,3169,3029,8,100,32,6338
M22,M22,Total,18284,7385,2665,4720,99,14770,8167,2774,5393,16334,2349,2157,6,145,41,4698
M23,M23,Total,13716,6402,2170,4232,111,12804,5545,2335,3210,11090,1453,1270,29,122,32,2906
M24,M24,Total,20818,12906,5618,7288,116,25812,5177,3000,2177,10354,2340,2110,11,191,28,4680
M25,M25,Total,12666,8683,3888,4795,33,17366,1690,1039,651,3380,2100,1942,10,132,16,4200
M26,M26,Total,15046,9655,3809,5846,59,19310,2811,1818,993,5622,2365,2171,6,174,14,4730
M27,M27,Total,18020,11735,5244,6491,47,23470,3691,2389,1302,7382,2326,2121,13,168,24,4652
M28,M28,Total,17137,12199,5549,6650,70,24398,2718,1785,933,5436,1936,1756,16,142,22,3872
M29,M29,Total,9668,7261,2994,4267,39,14522,1269,1141,128,2538,998,900,1,89,8,1996
M3,M3,Total,6582,1315,440,875,56,2630,1314,829,485,2628,3801,3649,12,71,69,7602
M30,M30,Total,16469,8145,3385,4760,106,16290,5282,3106,2176,10564,2652,2458,13,142,39,5304
M31,M31,Total,3544,1705,709,996,9,3410,1477,186,1291,2954,310,272,1,29,8,620
M32,M32,Total,12153,7390,3106,4284,55,14780,2835,964,1871,5670,1744,1596,5,125,18,3488
M33,M33,Total,26015,18375,8613,9762,157,36750,3716,875,2841,7432,3525,3296,13,190,26,7050
M34,M34,Total,20444,14172,6686,7486,52,28344,3673,753,2920,7346,2303,2034,15,220,34,4606
M35,M35,Total,9003,6286,2928,3358,16,12572,1478,642,836,2956,1107,988,5,98,16,2214
M38,M38,Total,5583,2184,869,1315,6,4368,2728,1861,867,5456,528,482,2,37,7,1056
M4,M4,Total,6118,1005,259,746,93,2010,973,447,526,1946,3983,3873,3,74,33,7966
M40,M40,Total,18094,7331,3185,4146,82,14662,7788,5579,2209,15576,2572,2391,13,133,35,5144
M41,M41,Total,17342,13480,6255,7225,137,26960,2038,731,1307,4076,1522,1401,5,105,11,3044
M43,M43,Total,10023,6965,3057,3908,28,13930,1388,281,1107,2776,1528,1383,5,121,19,3056
M44,M44,Total,8299,5339,2143,3196,16,10678,1882,1113,769,3764,961,867,8,63,23,1922
M45,M45,Total,9727,6655,3084,3571,25,13310,1786,826,960,3572,1149,1069,2,69,9,2298
M46,M46,Total,9942,6173,2926,3247,30,12346,2414,2236,178,4828,1164,1071,3,82,8,2328
M5,M5,Total,7572,1961,687,1274,23,3922,3238,2419,819,6476,2216,2131,5,70,10,4432
M50,M50,Total,2162,490,163,327,6,980,95,42,53,190,1550,1534,3,11,2,3100
M6,M6,Total,14131,6402,2942,3460,112,12804,4768,2953,1815,9536,2588,2468,4,91,25,5176
M60,M60,Total,149,37,10,27,2,74,3,0,3,6,103,95,0,5,3,206
M7,M7,Total,11110,3735,1774,1961,79,7470,4480,2203,2277,8960,2542,2378,8,120,36,5084
M8,M8,Total,11397,4544,2167,2377,115,9088,3210,1326,1884,6420,3328,3148,7,133,40,6656
M9,M9,Total,17507,6996,2881,4115,163,13992,6920,5065,1855,13840,3163,2951,8,171,33,6326
ME1,ME1,Total,12852,8119,3541,4578,150,16238,2035,212,1823,4070,2347,2157,21,128,41,4694
ME10,ME10,Total,19314,13236,5447,7789,248,26472,2850,497,2353,5700,2809,2588,14,177,30,5618
ME11,ME11,Total,1432,794,380,414,3,1588,279,49,230,558,340,312,3,23,2,680
ME12,ME12,Total,14931,9689,4746,4943,138,19378,2064,314,1750,4128,2862,2664,23,145,30,5724
ME13,ME13,Total,11879,8165,4066,4099,98,16330,1883,238,1645,3766,1524,1365,34,101,24,3048
ME14,ME14,Total,12846,9207,4317,4890,147,18414,1012,135,877,2024,2370,2061,80,125,104,4740
ME15,ME15,Total,19469,12341,5509,6832,140,24682,4448,923,3525,8896,2302,2084,27,149,42,4604
ME16,ME16,Total,12611,8735,4049,4686,208,17470,1072,177,895,2144,2500,2280,49,145,26,5000
ME17,ME17,Total,9042,7062,3511,3551,111,14124,828,130,698,1656,886,770,45,54,17,1772
ME18,ME18,Total,2836,2076,1062,1014,17,4152,283,43,240,566,404,372,12,15,5,808
ME19,ME19,Total,8352,6009,2347,3662,148,12018,1380,201,1179,2760,726,667,16,34,9,1452
ME2,ME2,Total,15815,11353,4812,6541,229,22706,2018,253,1765,4036,2059,1900,14,116,29,4118
ME20,ME20,Total,8289,6105,2591,3514,140,12210,1299,126,1173,2598,679,588,22,42,27,1358
ME3,ME3,Total,10562,8241,3921,4320,161,16482,1165,250,915,2330,892,774,21,72,25,1784
ME4,ME4,Total,11926,5898,2262,3636,125,11796,2160,350,1810,4320,3615,3356,70,108,81,7230
ME5,ME5,Total,20656,15145,5840,9305,228,30290,2568,379,2189,5136,2555,2345,18,165,27,5110
ME6,ME6,Total,4288,2740,1053,1687,104,5480,931,121,810,1862,485,439,3,38,5,970
ME7,ME7,Total,20229,12312,4875,7437,200,24624,2387,1373,1014,4774,5158,4689,141,214,114,10316
ME8,ME8,Total,20333,15998,7687,8311,63,31996,1982,1506,476,3964,2074,1894,8,153,19,4148
ME9,ME9,Total,8237,6174,2873,3301,83,12348,891,122,769,1782,982,872,23,74,13,1964
MK1,MK1,Total,319,139,81,58,3,278,145,122,23,290,32,32,0,0,0,64
MK10,MK10,Total,5033,2669,498,2171,599,5338,715,45,670,1430,1031,989,6,30,6,2062
MK11,MK11,Total,3283,2171,1131,1040,28,4342,559,519,40,1118,491,447,2,40,2,982
MK12,MK12,Total,4939,2712,942,1770,171,5424,1139,839,300,2278,857,752,7,87,11,1714
MK13,MK13,Total,7564,4301,1622,2679,400,8602,1520,1065,455,3040,1266,1158,3,93,12,2532
MK14,MK14,Total,7321,4048,1495,2553,281,8096,1664,1076,588,3328,1274,1184,5,71,14,2548
MK15,MK15,Total,3060,1976,794,1182,351,3952,351,226,125,702,353,327,5,19,2,706
MK16,MK16,Total,7589,5812,2553,3259,91,11624,536,422,114,1072,1078,970,14,79,15,2156
MK17,MK17,Total,7151,5219,2667,2552,66,10438,713,253,460,1426,993,882,30,51,30,1986
MK18,MK18,Total,12052,8998,4126,4872,88,17996,1264,323,941,2528,1535,1387,31,93,24,3070
MK19,MK19,Total,4540,3594,1565,2029,81,7188,396,172,224,792,423,384,1,34,4,846
MK2,MK2,Total,5710,3071,1378,1693,105,6142,1636,1434,202,3272,824,775,4,36,9,1648
MK3,MK3,Total,9166,6185,2782,3403,235,12370,1634,1405,229,3268,1018,940,4,65,9,2036
MK4,MK4,Total,8216,4941,1151,3790,901,9882,1036,182,854,2072,1312,1232,0,70,10,2624
MK40,MK40,Total,12701,6359,2995,3364,109,12718,2197,241,1956,4394,3846,3659,18,120,49,7692
MK41,MK41,Total,17372,12402,6278,6124,159,24804,2667,333,2334,5334,1991,1798,12,159,22,3982
MK42,MK42,Total,17517,10324,4093,6231,237,20648,3994,491,3503,7988,2776,2542,45,140,49,5552
MK43,MK43,Total,13040,10123,4815,5308,108,20246,1126,69,1057,2252,1439,1210,49,76,104,2878
MK44,MK44,Total,6380,4897,2591,2306,56,9794,681,59,622,1362,642,566,16,37,23,1284
MK45,MK45,Total,17546,13700,6324,7376,129,27400,1799,183,1616,3598,1723,1519,36,130,38,3446
MK46,MK46,Total,3834,2835,1323,1512,16,5670,295,215,80,590,645,604,7,28,6,1290
MK5,MK5,Total,5716,3386,923,2463,543,6772,806,147,659,1612,940,900,4,29,7,1880
MK6,MK6,Total,10491,3766,1324,2442,508,7532,3813,2539,1274,7626,2287,2170,21,74,22,4574
MK7,MK7,Total,5839,3015,825,2190,712,6030,813,24,789,1626,1274,1223,8,36,7,2548
MK8,MK8,Total,4675,2583,776,1807,745,5166,417,120,297,834,905,838,3,55,9,1810
MK9,MK9,Total,1856,323,102,221,215,646,328,160,168,656,968,927,3,24,14,1936
N1,N1,Total,41593,10639,4293,6346,857,21278,18375,11874,6501,36750,11166,10617,44,392,113,22332
N10,N10,Total,11460,6287,2654,3633,69,12574,1409,967,442,2818,3569,3417,24,108,20,7138
N11,N11,Total,11672,6314,2759,3555,165,12628,1936,1049,887,3872,3052,2896,10,109,37,6104
N12,N12,Total,11481,6633,3200,3433,82,13266,1259,625,634,2518,3342,3220,22,70,30,6684
N13,N13,Total,12325,7576,3524,4052,79,15152,1190,572,618,2380,3287,3137,10,98,42,6574
N14,N14,Total,11375,7840,4064,3776,63,15680,907,624,283,1814,2424,2309,13,80,22,4848
N15,N15,Total,16493,5140,2100,3040,331,10280,5432,3418,2014,10864,5333,5124,17,119,73,10666
N16,N16,Total,26274,7819,3028,4791,482,15638,9187,4663,4524,18374,8489,8122,15,265,87,16978
N17,N17,Total,23673,6799,2638,4161,437,13598,10077,6814,3263,20154,5891,5612,16,147,116,11782
N18,N18,Total,11422,4918,1965,2953,81,9836,3317,2358,959,6634,2884,2765,9,81,29,5768
N19,N19,Total,15118,4621,1721,2900,170,9242,6701,4278,2423,13402,3460,3299,16,113,32,6920
N2,N2,Total,9636,5373,2717,2656,61,10746,1598,782,816,3196,2449,2348,10,69,22,4898
N20,N20,Total,7318,5091,2666,2425,49,10182,633,374,259,1266,1431,1327,33,43,28,2862
N21,N21,Total,9247,7015,3487,3528,63,14030,479,231,248,958,1578,1503,12,54,9,3156
N22,N22,Total,17112,6556,2643,3913,267,13112,4634,3176,1458,9268,5405,5238,8,119,40,10810
N3,N3,Total,10478,6137,3213,2924,39,12274,590,346,244,1180,3522,3372,18,92,40,7044
N4,N4,Total,20470,6322,2412,3910,254,12644,6290,4046,2244,12580,7353,7110,15,191,37,14706
N5,N5,Total,11070,4013,1586,2427,212,8026,3542,2472,1070,7084,3193,3051,8,114,20,6386
N6,N6,Total,8933,4747,2468,2279,28,9494,1072,754,318,2144,2932,2789,30,90,23,5864
N7,N7,Total,21326,5381,2004,3377,363,10762,9274,5642,3632,18548,5997,5671,22,203,101,11994
N8,N8,Total,17368,7642,2898,4744,230,15284,3421,1846,1575,6842,5884,5718,14,113,39,11768
N9,N9,Total,19540,9072,3860,5212,283,18144,5165,2842,2323,10330,4703,4505,10,122,66,9406
NE1,NE1,Total,4071,767,301,466,21,1534,1211,560,651,2422,2005,1924,6,40,35,4010
NE10,NE10,Total,16284,8793,3569,5224,57,17586,5869,4685,1184,11738,1435,1272,4,129,30,2870
NE11,NE11,Total,7180,4723,1943,2780,31,9446,1506,1255,251,3012,852,759,0,89,4,1704
NE12,NE12,Total,15823,10162,4016,6146,71,20324,4078,3101,977,8156,1409,1246,2,149,12,2818
NE13,NE13,Total,5880,4276,2188,2088,2,8552,943,768,175,1886,590,495,24,50,21,1180
NE15,NE15,Total,14241,8465,3742,4723,27,16930,3992,3105,887,7984,1562,1345,45,125,47,3124
NE16,NE16,Total,11311,8677,4380,4297,23,17354,1535,1131,404,3070,965,868,6,84,7,1930
NE17,NE17,Total,2167,1334,664,670,5,2668,432,337,95,864,369,347,1,18,3,738
NE18,NE18,Total,387,231,143,88,1,462,44,20,24,88,95,84,4,5,2,190
NE19,NE19,Total,979,607,339,268,7,1214,105,36,69,210,211,179,8,14,10,422
NE2,NE2,Total,10403,3375,1706,1669,94,6750,1900,1058,842,3800,4901,4530,12,160,199,9802
NE20,NE20,Total,4872,4073,2411,1662,9,8146,238,113,125,476,470,432,8,27,3,940
NE21,NE21,Total,7582,4910,2074,2836,37,9820,1989,1716,273,3978,586,524,4,51,7,1172
NE22,NE22,Total,7838,5062,2186,2876,34,10124,1752,1045,707,3504,908,796,9,89,14,1816
NE23,NE23,Total,17001,11579,4772,6807,52,23158,3773,2720,1053,7546,1442,1268,9,150,15,2884
NE24,NE24,Total,16741,9935,4327,5608,38,19870,4475,3458,1017,8950,2082,1844,19,191,28,4164
NE25,NE25,Total,13109,9835,4591,5244,67,19670,1857,1535,322,3714,1207,1080,10,104,13,2414
NE26,NE26,Total,8315,6634,3316,3318,32,13268,466,254,212,932,1091,988,7,86,10,2182
NE27,NE27,Total,5122,3218,995,2223,23,6436,1297,1129,168,2594,540,481,6,45,8,1080
NE28,NE28,Total,20524,11873,4496,7377,114,23746,5475,4175,1300,10950,2880,2591,13,256,20,5760
NE29,NE29,Total,16726,8991,3884,5107,60,17982,4873,3582,1291,9746,2646,2436,7,186,17,5292
NE3,NE3,Total,22428,15066,7025,8041,89,30132,4015,3522,493,8030,3036,2768,20,200,48,6072
NE30,NE30,Total,10804,7800,4000,3800,28,15600,1326,633,693,2652,1523,1351,20,136,16,3046
NE31,NE31,Total,9010,4832,1783,3049,18,9664,3230,2764,466,6460,857,764,5,79,9,1714
NE32,NE32,Total,11300,6036,2536,3500,27,12072,4364,3928,436,8728,795,705,2,77,11,1590
NE33,NE33,Total,13271,7007,3025,3982,131,14014,3328,2079,1249,6656,2664,2404,15,215,30,5328
NE34,NE34,Total,23419,12869,5883,6986,108,25738,8499,6715,1784,16998,1762,1570,13,157,22,3524
NE35,NE35,Total,2805,1763,665,1098,4,3526,753,542,211,1506,251,232,2,17,0,502
NE36,NE36,Total,3035,2391,1199,1192,2,4782,409,346,63,818,203,172,4,24,3,406
NE37,NE37,Total,9036,5090,2015,3075,21,10180,2951,1736,1215,5902,922,841,2,60,19,1844
NE38,NE38,Total,13210,8758,3527,5231,52,17516,3323,1888,1435,6646,999,888,7,85,19,1998
NE39,NE39,Total,3704,2659,1361,1298,24,5318,721,671,50,1442,279,248,5,22,4,558
NE4,NE4,Total,14200,4105,1829,2276,46,8210,6341,4302,2039,12682,3458,3204,14,129,111,6916
NE40,NE40,Total,6849,4977,2347,2630,24,9954,1178,903,275,2356,621,552,3,61,5,1242
NE41,NE41,Total,950,813,457,356,3,1626,50,21,29,100,78,68,2,7,1,156
NE42,NE42,Total,5281,3633,1536,2097,26,7266,1157,591,566,2314,419,367,2,49,1,838
NE43,NE43,Total,1895,1504,820,684,27,3008,104,34,70,208,213,197,5,8,3,426
NE44,NE44,Total,407,347,210,137,0,694,12,5,7,24,38,36,1,1,0,76
NE45,NE45,Total,1684,1155,709,446,3,2310,230,63,167,460,259,235,3,18,3,518
NE46,NE46,Total,6745,4495,2593,1902,52,8990,1031,396,635,2062,1043,926,16,88,13,2086
NE47,NE47,Total,3341,2237,1300,937,38,4474,381,104,277,762,580,517,9,36,18,1160
NE48,NE48,Total,1927,1191,688,503,16,2382,258,77,181,516,397,338,18,31,10,794
NE49,NE49,Total,2009,1292,782,510,3,2584,365,150,215,730,301,271,3,20,7,602
NE5,NE5,Total,21315,12415,5664,6751,105,24830,6572,5651,921,13144,1954,1662,22,246,24,3908
NE6,NE6,Total,23012,8277,3548,4729,95,16554,9719,8153,1566,19438,4583,4244,12,267,60,9166
NE61,NE61,Total,13695,9824,5110,4714,29,19648,1999,976,1023,3998,1595,1413,29,125,28,3190
NE62,NE62,Total,4324,2950,1374,1576,6,5900,883,470,413,1766,441,406,1,28,6,882
NE63,NE63,Total,12410,7523,3381,4142,26,15046,2776,1395,1381,5552,1968,1797,14,129,28,3936
NE64,NE64,Total,2853,1634,871,763,17,3268,772,413,359,1544,398,366,4,25,3,796
NE65,NE65,Total,8829,6051,3313,2738,32,12102,1436,964,472,2872,1140,985,35,94,26,2280
NE66,NE66,Total,7694,4454,2467,1987,21,8908,1439,961,478,2878,1489,1222,120,58,89,2978
NE67,NE67,Total,447,308,204,104,0,616,33,12,21,66,90,81,4,5,0,180
NE68,NE68,Total,952,660,424,236,5,1320,159,42,117,318,107,90,5,11,1,214
NE69,NE69,Total,222,143,100,43,8,286,18,6,12,36,46,44,1,0,1,92
NE7,NE7,Total,6185,4701,2172,2529,14,9402,640,591,49,1280,753,673,7,69,4,1506
NE70,NE70,Total,808,462,290,172,3,924,142,41,101,284,174,145,4,17,8,348
NE71,NE71,Total,1443,759,486,273,2,1518,295,95,200,590,288,256,13,18,1,576
NE8,NE8,Total,15526,5254,1851,3403,70,10508,5469,3778,1691,10938,4559,4272,20,235,32,9118
NE9,NE9,Total,16548,10114,4731,5383,63,20228,4993,4247,746,9986,1234,1078,3,140,13,2468
NG1,NG1,Total,6039,668,304,364,44,1336,1937,632,1305,3874,3325,3189,27,52,57,6650
NG10,NG10,Total,20501,14705,6422,8283,131,29410,2572,712,1860,5144,2875,2656,22,177,20,5750
NG11,NG11,Total,16134,10565,5174,5391,247,21130,3440,2618,822,6880,1670,1461,10,174,25,3340
NG12,NG12,Total,14069,11298,6331,4967,93,22596,1317,431,886,2634,1230,1091,10,104,25,2460
NG13,NG13,Total,8728,6859,3412,3447,77,13718,777,280,497,1554,921,829,15,55,22,1842
NG14,NG14,Total,7918,6394,3589,2805,36,12788,571,268,303,1142,822,717,16,68,21,1644
NG15,NG15,Total,17521,12962,6318,6644,63,25924,2234,1637,597,4468,2006,1814,8,162,22,4012
NG16,NG16,Total,27178,20432,10278,10154,76,40864,3428,2495,933,6856,2886,2576,21,259,30,5772
NG17,NG17,Total,31004,20723,10049,10674,159,41446,5549,4375,1174,11098,4171,3808,22,300,41,8342
NG18,NG18,Total,18110,11425,5367,6058,50,22850,3438,2509,929,6876,3009,2805,18,161,25,6018
NG19,NG19,Total,22457,15691,7694,7997,99,31382,3801,3086,715,7602,2580,2337,6,217,20,5160
NG2,NG2,Total,24670,14033,6153,7880,157,28066,4381,2357,2024,8762,5833,5489,14,283,47,11666
NG20,NG20,Total,10867,6497,3437,3060,55,12994,2543,1829,714,5086,1552,1414,7,117,14,3104
NG21,NG21,Total,9291,6644,3071,3573,33,13288,1468,908,560,2936,1028,896,14,110,8,2056
NG22,NG22,Total,11086,7813,4194,3619,31,15626,1802,1267,535,3604,1231,1090,32,79,30,2462
NG23,NG23,Total,7243,5906,3223,2683,22,11812,514,423,91,1028,692,606,19,63,4,1384
NG24,NG24,Total,19784,12965,6035,6930,150,25930,3256,2477,779,6512,3134,2906,17,182,29,6268
NG25,NG25,Total,3718,2821,1681,1140,23,5642,324,235,89,648,491,431,14,37,9,982
NG3,NG3,Total,21092,11140,5117,6023,143,22280,5273,3628,1645,10546,4205,3946,13,211,35,8410
NG31,NG31,Total,19034,11901,5374,6527,138,23802,3265,2595,670,6530,3487,3226,43,186,32,6974
NG32,NG32,Total,5410,3946,2224,1722,29,7892,582,462,120,1164,718,633,21,46,18,1436
NG33,NG33,Total,4232,2746,1318,1428,35,5492,574,396,178,1148,720,650,20,33,17,1440
NG34,NG34,Total,17807,12643,6194,6449,91,25286,2175,1647,528,4350,2628,2180,189,144,115,5256
NG4,NG4,Total,17766,12657,5749,6908,118,25314,2131,796,1335,4262,2676,2423,17,217,19,5352
NG5,NG5,Total,38004,24490,11462,13028,180,48980,7130,5048,2082,14260,5744,5269,25,394,56,11488
NG6,NG6,Total,16566,8830,3645,5185,96,17660,4873,3645,1228,9746,2554,2367,7,160,20,5108
NG7,NG7,Total,20434,5142,2277,2865,126,10284,5694,2568,3126,11388,9186,8795,49,226,116,18372
NG8,NG8,Total,25698,13977,6670,7307,88,27954,8208,6704,1504,16416,3009,2743,11,201,54,6018
NG9,NG9,Total,30645,21233,10732,10501,123,42466,3791,3155,636,7582,5130,4594,133,297,106,10260
NN1,NN1,Total,13559,5735,2127,3608,255,11470,2480,1406,1074,4960,4906,4662,26,176,42,9812
NN10,NN10,Total,15934,11722,4943,6779,79,23444,2083,370,1713,4166,1903,1726,12,152,13,3806
NN11,NN11,Total,15608,10402,4457,5945,179,20804,2779,787,1992,5558,2090,1914,21,132,23,4180
NN12,NN12,Total,9504,7103,3282,3821,167,14206,1033,292,741,2066,1075,968,23,69,15,2150
NN13,NN13,Total,7581,5795,2392,3403,42,11590,617,103,514,1234,979,858,31,70,20,1958
NN14,NN14,Total,17948,13359,5842,7517,168,26718,1984,972,1012,3968,2177,1973,26,161,17,4354
NN15,NN15,Total,14226,10873,5038,5835,80,21746,1463,955,508,2926,1629,1483,9,118,19,3258
NN16,NN16,Total,13173,7564,2983,4581,122,15128,2377,1632,745,4754,2906,2673,26,188,19,5812
NN17,NN17,Total,11305,7064,2919,4145,42,14128,2433,2165,268,4866,1582,1466,11,97,8,3164
NN18,NN18,Total,13179,7950,2683,5267,51,15900,2800,2255,545,5600,2232,2100,6,109,17,4464
NN2,NN2,Total,15755,10245,4665,5580,103,20490,2482,1860,622,4964,2718,2501,16,178,23,5436
NN29,NN29,Total,4937,3902,1928,1974,20,7804,417,124,293,834,509,445,6,49,9,1018
NN3,NN3,Total,28054,19084,8198,10886,292,38168,5275,4384,891,10550,3082,2740,16,287,39,6164
NN4,NN4,Total,18469,13078,4028,9050,217,26156,1896,1339,557,3792,3108,2895,15,175,23,6216
NN5,NN5,Total,16418,10218,4269,5949,328,20436,3197,2399,798,6394,2476,2289,5,167,15,4952
NN6,NN6,Total,13638,10588,5163,5425,62,21176,1315,389,926,2630,1455,1297,36,102,20,2910
NN7,NN7,Total,11440,8635,4448,4187,55,17270,1347,381,966,2694,1216,1103,21,64,28,2432
NN8,NN8,Total,20619,12512,5223,7289,252,25024,4441,1369,3072,8882,3159,2895,23,200,41,6318
NN9,NN9,Total,11063,7936,3426,4510,56,15872,1706,339,1367,3412,1248,1137,14,86,11,2496
NR1,NR1,Total,12575,5534,2725,2809,55,11068,3688,2606,1082,7376,3147,2943,18,151,35,6294
NR10,NR10,Total,9200,7039,3619,3420,59,14078,791,91,700,1582,1183,1062,21,84,16,2366
NR11,NR11,Total,7975,5878,3769,2109,48,11756,851,116,735,1702,1061,935,36,69,21,2122
NR12,NR12,Total,9183,6792,4301,2491,33,13584,1020,183,837,2040,1183,1074,18,72,19,2366
NR13,NR13,Total,11250,8926,4882,4044,76,17852,1063,128,935,2126,1041,908,29,85,19,2082
NR14,NR14,Total,9988,7752,4218,3534,43,15504,969,216,753,1938,1039,933,19,76,11,2078
NR15,NR15,Total,6476,5071,2613,2458,64,10142,682,148,534,1364,542,465,9,60,8,1084
NR16,NR16,Total,4926,3740,2016,1724,19,7480,452,104,348,904,597,513,30,47,7,1194
NR17,NR17,Total,6611,4855,2516,2339,40,9710,642,96,546,1284,951,854,16,68,13,1902
NR18,NR18,Total,7246,5313,2835,2478,116,10626,798,211,587,1596,930,828,21,76,5,1860
NR19,NR19,Total,8772,5994,3033,2961,31,11988,1212,198,1014,2424,1413,1287,16,106,4,2826
NR2,NR2,Total,12576,5402,2663,2739,123,10804,3176,2252,924,6352,3724,3462,18,227,17,7448
NR20,NR20,Total,7942,5879,3322,2557,50,11758,909,153,756,1818,950,751,77,70,52,1900
NR21,NR21,Total,7139,4880,3006,1874,18,9760,1042,231,811,2084,1000,890,31,66,13,2000
NR22,NR22,Total,395,200,138,62,0,400,77,19,58,154,87,73,8,0,6,174
NR23,NR23,Total,1485,783,620,163,6,1566,328,81,247,656,298,260,21,10,7,596
NR24,NR24,Total,1948,1360,814,546,6,2720,199,35,164,398,336,300,6,27,3,672
NR25,NR25,Total,4181,2875,2193,682,13,5750,707,134,573,1414,474,407,20,35,12,948
NR26,NR26,Total,3965,2880,2084,796,15,5760,362,50,312,724,635,560,9,64,2,1270
NR27,NR27,Total,5535,3782,2653,1129,22,7564,600,95,505,1200,1041,966,8,62,5,2082
NR28,NR28,Total,7721,5468,3219,2249,42,10936,1132,208,924,2264,962,869,17,63,13,1924
NR29,NR29,Total,8595,6864,4225,2639,24,13728,724,508,216,1448,805,682,23,81,19,1610
NR3,NR3,Total,15748,6318,2514,3804,119,12636,5580,4529,1051,11160,3595,3355,16,201,23,7190
NR30,NR30,Total,13521,7200,4179,3021,62,14400,2901,2307,594,5802,3153,2963,26,132,32,6306
NR31,NR31,Total,21446,14096,7358,6738,64,28192,3853,3057,796,7706,3101,2748,71,226,56,6202
NR32,NR32,Total,16960,11026,6185,4841,51,22052,2831,1684,1147,5662,2873,2644,15,190,24,5746
NR33,NR33,Total,17181,12420,6824,5596,60,24840,2014,943,1071,4028,2497,2276,36,168,17,4994
NR34,NR34,Total,9791,6922,4179,2743,56,13844,1299,788,511,2598,1362,1253,15,86,8,2724
NR35,NR35,Total,4724,3340,2003,1337,20,6680,607,350,257,1214,658,578,21,53,6,1316
NR4,NR4,Total,8138,5172,3097,2075,40,10344,1861,1528,333,3722,967,866,10,77,14,1934
NR5,NR5,Total,12053,5693,2672,3021,156,11386,4483,3071,1412,8966,1600,1448,7,123,22,3200
NR6,NR6,Total,10548,8122,4421,3701,39,16244,1222,414,808,2444,1093,958,26,96,13,2186
NR7,NR7,Total,14146,10671,5810,4861,79,21342,1969,1109,860,3938,1277,1136,4,128,9,2554
NR8,NR8,Total,8425,6623,2937,3686,89,13246,645,75,570,1290,1005,918,9,73,5,2010
NR9,NR9,Total,7221,5508,2959,2549,45,11016,772,180,592,1544,771,670,34,61,6,1542
NW1,NW1,Total,26216,6604,3494,3110,271,13208,10700,7109,3591,21400,8177,7642,82,305,148,16354
NW10,NW10,Total,34461,11049,4893,6156,719,22098,11805,4011,7794,23610,10389,10011,20,225,133,20778
NW11,NW11,Total,11912,6560,3792,2768,50,13120,676,164,512,1352,4394,4199,25,120,50,8788
NW2,NW2,Total,25578,10035,4878,5157,270,20070,5327,2621,2706,10654,9616,9272,35,226,83,19232
NW3,NW3,Total,23529,10362,6244,4118,89,20724,4373,3148,1225,8746,8210,7873,63,205,69,16420
NW4,NW4,Total,11605,6166,3128,3038,75,12332,1096,665,431,2192,4066,3890,18,122,36,8132
NW5,NW5,Total,13244,4242,2034,2208,134,8484,5833,4593,1240,11666,2861,2706,26,103,26,5722
NW6,NW6,Total,29337,9816,4312,5504,207,19632,8328,5247,3081,16656,10574,10184,43,255,92,21148
NW7,NW7,Total,9503,6311,2888,3423,40,12622,1042,469,573,2084,1941,1815,32,74,20,3882
NW8,NW8,Total,15163,4947,3082,1865,110,9894,4519,3232,1287,9038,5116,4840,88,120,68,10232
NW9,NW9,Total,20834,10161,4777,5384,362,20322,4726,2696,2030,9452,5287,5044,21,156,66,10574
OL1,OL1,Total,8440,3869,1462,2407,53,7738,3365,1986,1379,6730,1047,915,10,106,16,2094
OL10,OL10,Total,12214,7158,3086,4072,70,14316,3221,1811,1410,6442,1614,1456,7,132,19,3228
OL11,OL11,Total,18051,10906,5453,5453,64,21812,4243,3176,1067,8486,2536,2317,8,176,35,5072
OL12,OL12,Total,18899,11590,5121,6469,52,23180,4515,3453,1062,9030,2474,2225,12,217,20,4948
OL13,OL13,Total,6516,4284,1902,2382,17,8568,1051,410,641,2102,1091,990,5,85,11,2182
OL14,OL14,Total,6970,4636,2247,2389,61,9272,957,288,669,1914,1213,1091,16,94,12,2426
OL15,OL15,Total,6200,4777,2256,2521,6,9554,446,376,70,892,902,817,9,70,6,1804
OL16,OL16,Total,14377,8834,3682,5152,36,17668,3086,2033,1053,6172,2198,2036,6,133,23,4396
OL2,OL2,Total,18297,13642,6639,7003,103,27284,2624,1222,1402,5248,1747,1534,3,188,22,3494
OL3,OL3,Total,6482,5143,2744,2399,36,10286,478,214,264,956,757,676,7,62,12,1514
OL4,OL4,Total,17341,11631,5364,6267,62,23262,3095,1673,1422,6190,2267,1995,7,220,45,4534
OL5,OL5,Total,4924,3371,1377,1994,11,6742,688,172,516,1376,799,724,4,59,12,1598
OL6,OL6,Total,12371,6967,3236,3731,28,13934,3146,784,2362,6292,2084,1906,11,123,44,4168
OL7,OL7,Total,7105,3867,1708,2159,36,7734,2068,390,1678,4136,1038,949,3,68,18,2076
OL8,OL8,Total,14265,7259,3330,3929,29,14518,4505,1246,3259,9010,2221,2000,9,162,50,4442
OL9,OL9,Total,15875,10429,4726,5703,53,20858,3373,1725,1648,6746,1798,1568,16,182,32,3596
OX1,OX1,Total,6977,3505,1926,1579,84,7010,1026,575,451,2052,2157,1939,74,67,77,4314
OX10,OX10,Total,10462,7032,3702,3330,121,14064,1554,227,1327,3108,1626,1014,340,74,198,3252
OX11,OX11,Total,13420,9566,4030,5536,141,19132,1748,276,1472,3496,1833,1637,69,97,30,3666
OX12,OX12,Total,10439,7338,3727,3611,196,14676,1474,211,1263,2948,1271,1067,82,76,46,2542
OX13,OX13,Total,4977,3528,1876,1652,19,7056,593,96,497,1186,755,412,206,22,115,1510
OX14,OX14,Total,18423,12811,6193,6618,172,25622,2688,586,2102,5376,2437,2239,45,109,44,4874
OX15,OX15,Total,7383,5840,3187,2653,50,11680,556,83,473,1112,768,655,37,54,22,1536
OX16,OX16,Total,19125,11344,4679,6665,179,22688,3446,764,2682,6892,3930,3696,26,176,32,7860
OX17,OX17,Total,7065,5378,2811,2567,33,10756,720,171,549,1440,777,690,23,42,22,1554
OX18,OX18,Total,9968,6286,2782,3504,135,12572,1163,152,1011,2326,2213,1358,490,77,288,4426
OX2,OX2,Total,15735,9381,5482,3899,141,18762,1642,889,753,3284,4181,3757,139,131,154,8362
OX20,OX20,Total,2107,1434,800,634,16,2868,216,31,185,432,393,342,24,18,9,786
OX25,OX25,Total,3425,2255,1073,1182,25,4510,277,49,228,554,815,595,107,23,90,1630
OX26,OX26,Total,13217,9515,3335,6180,69,19030,1517,289,1228,3034,1981,1844,14,101,22,3962
OX27,OX27,Total,2509,1753,688,1065,11,3506,230,45,185,460,354,292,25,20,17,708
OX28,OX28,Total,11421,7700,3282,4418,263,15400,1830,173,1657,3660,1525,1385,26,98,16,3050
OX29,OX29,Total,9390,7374,4046,3328,47,14748,871,153,718,1742,961,836,32,67,26,1922
OX3,OX3,Total,16633,8498,4548,3950,177,16996,3570,2474,1096,7140,4117,3840,62,158,57,8234
OX33,OX33,Total,3146,2460,1425,1035,12,4920,253,41,212,506,376,335,13,19,9,752
OX39,OX39,Total,2734,2354,1182,1172,21,4708,151,19,132,302,179,163,1,11,4,358
OX4,OX4,Total,23740,10534,4715,5819,602,21068,6126,3691,2435,12252,6160,5793,32,225,110,12320
OX44,OX44,Total,3286,2487,1323,1164,23,4974,339,58,281,678,365,312,11,17,25,730
OX49,OX49,Total,1789,1239,657,582,11,2478,196,24,172,392,304,277,11,12,4,608
OX5,OX5,Total,9517,7239,3815,3424,98,14478,844,216,628,1688,1187,1075,17,83,12,2374
OX7,OX7,Total,9811,6967,3808,3159,76,13934,1237,213,1024,2474,1257,1121,52,70,14,2514
OX9,OX9,Total,5591,4272,2058,2214,43,8544,573,71,502,1146,646,584,16,39,7,1292
PE1,PE1,Total,18478,8802,4027,4775,153,17604,4567,1692,2875,9134,4700,4395,40,190,75,9400
PE10,PE10,Total,9083,6722,3255,3467,144,13444,961,715,246,1922,1099,987,26,72,14,2198
PE11,PE11,Total,18144,12654,6623,6031,183,25308,2417,1929,488,4834,2649,2361,91,170,27,5298
PE12,PE12,Total,16924,12723,7196,5527,70,25446,2034,1662,372,4068,1836,1612,60,119,45,3672
PE13,PE13,Total,14762,9538,5094,4444,85,19076,2506,523,1983,5012,2414,2211,25,146,32,4828
PE14,PE14,Total,8577,6665,3546,3119,37,13330,884,193,691,1768,845,719,23,89,14,1690
PE15,PE15,Total,12757,9252,4839,4413,60,18504,1291,189,1102,2582,1964,1807,21,118,18,3928
PE16,PE16,Total,4537,3242,1439,1803,26,6484,450,65,385,900,767,698,2,58,9,1534
PE19,PE19,Total,18431,13160,5903,7257,154,26320,2550,554,1996,5100,2398,2168,27,173,30,4796
PE2,PE2,Total,19084,11804,4948,6856,142,23608,3454,1040,2414,6908,3485,3235,18,195,37,6970
PE20,PE20,Total,5934,4069,2172,1897,45,8138,1099,346,753,2198,645,569,27,37,12,1290
PE21,PE21,Total,18202,10977,5734,5243,168,21954,3412,1190,2222,6824,3407,3159,27,167,54,6814
PE22,PE22,Total,7039,5384,3108,2276,47,10768,800,223,577,1600,651,530,58,46,17,1302
PE23,PE23,Total,3734,2611,1608,1003,22,5222,383,106,277,766,651,568,26,49,8,1302
PE24,PE24,Total,5452,3912,2585,1327,53,7824,530,156,374,1060,840,737,20,78,5,1680
PE25,PE25,Total,9842,5425,3349,2076,122,10850,1554,395,1159,3108,2634,2473,33,113,15,5268
PE26,PE26,Total,4901,3444,1552,1892,13,6888,659,157,502,1318,704,635,7,53,9,1408
PE27,PE27,Total,8500,6231,2904,3327,59,12462,813,128,685,1626,1334,1235,14,73,12,2668
PE28,PE28,Total,18873,14284,6788,7496,80,28568,1744,303,1441,3488,2538,2056,196,148,138,5076
PE29,PE29,Total,12030,7392,2903,4489,153,14784,2372,485,1887,4744,1999,1825,51,89,34,3998
PE3,PE3,Total,11403,6707,3250,3457,43,13414,2613,863,1750,5226,1929,1765,20,103,41,3858
PE30,PE30,Total,18218,10998,5305,5693,134,21996,3710,969,2741,7420,3119,2843,30,184,62,6238
PE31,PE31,Total,9533,6821,4725,2096,35,13642,993,156,837,1986,1368,1221,38,75,34,2736
PE32,PE32,Total,6597,4657,2768,1889,26,9314,915,233,682,1830,818,710,48,57,3,1636
PE33,PE33,Total,6218,4442,2439,2003,10,8884,488,82,406,976,1164,645,309,45,165,2328
PE34,PE34,Total,5928,4583,2441,2142,20,9166,647,140,507,1294,569,486,23,46,14,1138
PE36,PE36,Total,3199,2260,1666,594,8,4520,324,53,271,648,544,492,16,31,5,1088
PE37,PE37,Total,4612,3102,2031,1071,27,6204,795,135,660,1590,612,543,17,47,5,1224
PE38,PE38,Total,6582,4665,2817,1848,30,9330,783,187,596,1566,983,892,18,57,16,1966
PE4,PE4,Total,12260,8165,3504,4661,107,16330,2216,700,1516,4432,1663,1522,7,115,19,3326
PE5,PE5,Total,675,490,271,219,9,980,51,15,36,102,91,85,2,3,1,182
PE6,PE6,Total,14741,11567,5427,6140,96,23134,1395,747,648,2790,1497,1321,29,127,20,2994
PE7,PE7,Total,17226,11872,4792,7080,252,23744,2152,483,1669,4304,2781,2568,16,173,24,5562
PE8,PE8,Total,6734,4333,2269,2064,43,8666,835,154,681,1670,1382,953,239,46,144,2764
PE9,PE9,Total,13764,9446,4940,4506,114,18892,1915,1307,608,3830,2059,1895,41,96,27,4118
PL1,PL1,Total,11405,2942,1321,1621,124,5884,4313,1706,2607,8626,3880,3639,26,146,69,7760
PL10,PL10,Total,1664,1143,716,427,14,2286,245,171,74,490,226,202,4,18,2,452
PL11,PL11,Total,4583,3217,1725,1492,11,6434,566,404,162,1132,741,601,54,54,32,1482
PL12,PL12,Total,9384,6922,3502,3420,82,13844,1088,834,254,2176,1169,1024,23,99,23,2338
PL13,PL13,Total,4400,3112,2000,1112,19,6224,501,421,80,1002,669,572,13,71,13,1338
PL14,PL14,Total,10033,6888,3855,3033,60,13776,1363,976,387,2726,1559,1368,14,157,20,3118
PL15,PL15,Total,8367,5750,3335,2415,52,11500,842,553,289,1684,1572,1424,22,112,14,3144
PL16,PL16,Total,717,538,300,238,2,1076,58,28,30,116,104,94,2,7,1,208
PL17,PL17,Total,4277,3118,1805,1313,53,6236,409,218,191,818,618,555,5,51,7,1236
PL18,PL18,Total,2122,1587,926,661,25,3174,215,163,52,430,260,229,0,25,6,520
PL19,PL19,Total,7145,5205,3103,2102,57,10410,723,204,519,1446,1042,963,10,61,8,2084
PL2,PL2,Total,13523,7684,3161,4523,68,15368,3067,1687,1380,6134,2547,2303,15,186,43,5094
PL20,PL20,Total,4994,3775,2240,1535,26,7550,533,148,385,1066,603,493,22,62,26,1206
PL21,PL21,Total,7097,5444,2616,2828,75,10888,616,94,522,1232,882,786,13,71,12,1764
PL22,PL22,Total,1626,1137,732,405,12,2274,148,58,90,296,291,267,3,19,2,582
PL23,PL23,Total,1668,1130,756,374,10,2260,219,119,100,438,282,258,3,14,7,564
PL24,PL24,Total,4224,3016,1651,1365,12,6032,502,135,367,1004,634,547,5,72,10,1268
PL25,PL25,Total,10899,7532,4245,3287,119,15064,1320,302,1018,2640,1785,1599,14,152,20,3570
PL26,PL26,Total,11096,7877,4421,3456,144,15754,1006,264,742,2012,1942,1760,29,134,19,3884
PL27,PL27,Total,5266,3539,2253,1286,42,7078,652,467,185,1304,921,772,34,98,17,1842
PL28,PL28,Total,1965,1333,893,440,9,2666,340,229,111,680,242,200,14,27,1,484
PL29,PL29,Total,479,314,223,91,2,628,91,64,27,182,52,39,5,8,0,104
PL3,PL3,Total,12949,8871,3833,5038,86,17742,1751,656,1095,3502,2106,1874,36,155,41,4212
PL30,PL30,Total,4423,3448,2313,1135,14,6896,330,215,115,660,524,452,11,53,8,1048
PL31,PL31,Total,6246,3771,1891,1880,25,7542,1258,924,334,2516,1124,1013,21,80,10,2248
PL32,PL32,Total,1779,1228,765,463,16,2456,215,137,78,430,279,242,5,29,3,558
PL33,PL33,Total,722,493,288,205,2,986,109,45,64,218,106,96,0,8,2,212
PL34,PL34,Total,817,602,423,179,2,1204,42,35,7,84,152,141,0,11,0,304
PL35,PL35,Total,454,340,225,115,2,680,37,22,15,74,66,48,3,10,5,132
PL4,PL4,Total,14651,5550,2397,3153,134,11100,1712,489,1223,3424,7075,6656,40,325,54,14150
PL5,PL5,Total,18384,10049,4322,5727,154,20098,5926,3140,2786,11852,2035,1780,29,178,48,4070
PL6,PL6,Total,17136,11967,5820,6147,105,23934,3009,1340,1669,6018,1885,1346,252,134,153,3770
PL7,PL7,Total,12933,10316,4840,5476,123,20632,910,201,709,1820,1487,1220,85,126,56,2974
PL8,PL8,Total,2572,1834,1178,656,46,3668,296,45,251,592,355,322,9,16,8,710
PL9,PL9,Total,12030,9707,5534,4173,93,19414,571,206,365,1142,1537,1083,211,108,135,3074
PO1,PO1,Total,12408,4230,1775,2455,231,8460,4733,3326,1407,9466,2990,2686,75,151,78,5980
PO10,PO10,Total,7969,5837,3644,2193,47,11674,857,122,735,1714,1117,832,124,40,121,2234
PO11,PO11,Total,7959,6167,3732,2435,24,12334,610,81,529,1220,1078,963,15,86,14,2156
PO12,PO12,Total,21171,13978,6267,7711,239,27956,3034,1810,1224,6068,3705,3179,175,250,101,7410
PO13,PO13,Total,14259,9137,4146,4991,142,18274,2781,1487,1294,5562,2072,1327,393,132,220,4144
PO14,PO14,Total,13558,10631,5405,5226,105,21262,1295,945,350,2590,1398,1052,157,101,88,2796
PO15,PO15,Total,9389,7311,3030,4281,64,14622,886,504,382,1772,1042,912,29,76,25,2084
PO16,PO16,Total,14011,11419,5869,5550,51,22838,1026,635,391,2052,1389,1247,14,110,18,2778
PO17,PO17,Total,2687,1641,796,845,68,3282,362,231,131,724,556,468,39,15,34,1112
PO18,PO18,Total,5588,3855,2344,1511,44,7710,711,103,608,1422,815,688,67,45,15,1630
PO19,PO19,Total,13795,8003,4902,3101,151,16006,2832,417,2415,5664,2606,2293,83,138,92,5212
PO2,PO2,Total,17358,10577,4022,6555,141,21154,2601,1532,1069,5202,3849,3420,100,243,86,7698
PO20,PO20,Total,14137,10661,6399,4262,130,21322,1443,234,1209,2886,1679,1505,43,111,20,3358
PO21,PO21,Total,17975,12299,7299,5000,142,24598,1587,708,879,3174,3756,3521,23,175,37,7512
PO22,PO22,Total,12588,9873,5633,4240,78,19746,1053,699,354,2106,1450,1326,2,108,14,2900
PO3,PO3,Total,7812,5856,2473,3383,87,11712,623,254,369,1246,1183,1048,8,109,18,2366
PO30,PO30,Total,12304,8387,4436,3951,56,16774,1714,200,1514,3428,2014,1795,28,165,26,4028
PO31,PO31,Total,6471,4761,2604,2157,18,9522,424,28,396,848,1175,1074,10,88,3,2350
PO32,PO32,Total,3561,2395,1291,1104,42,4790,527,48,479,1054,570,517,4,36,13,1140
PO33,PO33,Total,13934,9256,5196,4060,101,18512,1397,144,1253,2794,3016,2798,26,168,24,6032
PO34,PO34,Total,1075,917,676,241,6,1834,23,3,20,46,109,100,0,9,0,218
PO35,PO35,Total,1703,1379,1006,373,4,2758,97,4,93,194,189,162,3,20,4,378
PO36,PO36,Total,7463,5282,3051,2231,89,10564,810,60,750,1620,1197,1064,6,121,6,2394
PO37,PO37,Total,4080,2776,1735,1041,10,5552,371,32,339,742,876,806,2,63,5,1752
PO38,PO38,Total,5757,4128,2631,1497,16,8256,675,47,628,1350,858,779,12,58,9,1716
PO39,PO39,Total,1173,881,594,287,2,1762,74,5,69,148,201,176,1,20,4,402
PO4,PO4,Total,18191,10680,4877,5803,130,21360,1280,444,836,2560,5919,5412,104,310,93,11838
PO40,PO40,Total,2593,1886,1336,550,15,3772,343,24,319,686,309,279,1,25,4,618
PO41,PO41,Total,971,769,535,234,3,1538,68,3,65,136,125,113,1,9,2,250
PO5,PO5,Total,13254,4457,2112,2345,151,8914,3160,2012,1148,6320,5285,4983,40,203,59,10570
PO6,PO6,Total,16312,10964,5277,5687,84,21928,3214,2433,781,6428,1871,1494,182,119,76,3742
PO7,PO7,Total,16911,12630,5962,6668,79,25260,2436,779,1657,4872,1592,1424,17,130,21,3184
PO8,PO8,Total,13892,11062,5471,5591,77,22124,1687,820,867,3374,945,852,6,80,7,1890
PO9,PO9,Total,20072,12026,5746,6280,139,24052,5752,3828,1924,11504,1923,1684,15,202,22,3846
PR1,PR1,Total,29036,15794,7711,8083,189,31588,6097,1010,5087,12194,6530,6095,35,324,76,13060
PR2,PR2,Total,33449,22672,10331,12341,272,45344,5816,1295,4521,11632,4267,3853,52,293,69,8534
PR25,PR25,Total,13095,9664,4448,5216,41,19328,2049,183,1866,4098,1239,1103,6,113,17,2478
PR26,PR26,Total,5575,4332,1868,2464,33,8664,759,62,697,1518,406,364,5,34,3,812
PR3,PR3,Total,15732,12774,7548,5226,107,25548,851,127,724,1702,1773,1547,28,169,29,3546
PR4,PR4,Total,23934,19678,10181,9497,114,39356,1531,434,1097,3062,2320,1915,109,199,97,4640
PR5,PR5,Total,17511,13434,6173,7261,62,26868,2108,123,1985,4216,1769,1567,18,164,20,3538
PR6,PR6,Total,14809,11446,5400,6046,95,22892,1687,432,1255,3374,1430,1250,7,144,29,2860
PR7,PR7,Total,23723,17639,8058,9581,165,35278,2886,850,2036,5772,2811,2535,19,223,34,5622
PR8,PR8,Total,23021,17317,9150,8167,157,34634,1492,241,1251,2984,3813,3495,31,262,25,7626
PR9,PR9,Total,19572,13803,7634,6169,153,27606,1447,242,1205,2894,3947,3655,24,240,28,7894
RG1,RG1,Total,18103,6880,2506,4374,406,13760,2531,1143,1388,5062,8121,7815,31,209,66,16242
RG10,RG10,Total,7430,5794,2825,2969,34,11588,632,400,232,1264,870,794,24,39,13,1740
RG12,RG12,Total,21801,13355,4193,9162,277,26710,5264,1829,3435,10528,2717,2456,32,202,27,5434
RG14,RG14,Total,16375,10183,4692,5491,243,20366,2978,232,2746,5956,2797,2579,47,131,40,5594
RG17,RG17,Total,6570,4218,2057,2161,38,8436,1060,71,989,2120,1051,927,54,55,15,2102
RG18,RG18,Total,6967,4919,2035,2884,79,9838,969,68,901,1938,894,717,83,41,53,1788
RG19,RG19,Total,7122,5145,1875,3270,164,10290,904,64,840,1808,843,763,14,57,9,1686
RG2,RG2,Total,14188,7057,2522,4535,420,14114,3790,2660,1130,7580,2725,2325,149,113,138,5450
RG20,RG20,Total,7437,5083,2496,2587,52,10166,1131,69,1062,2262,912,796,67,32,17,1824
RG21,RG21,Total,11712,6528,2757,3771,307,13056,2574,86,2488,5148,2189,2052,18,105,14,4378
RG22,RG22,Total,16907,11385,4079,7306,114,22770,3810,150,3660,7620,1485,1364,7,106,8,2970
RG23,RG23,Total,5019,3780,1902,1878,26,7560,793,32,761,1586,367,326,10,26,5,734
RG24,RG24,Total,12855,8584,2928,5656,272,17168,2283,121,2162,4566,1632,1519,20,84,9,3264
RG25,RG25,Total,3668,2489,1325,1164,64,4978,494,22,472,988,485,427,31,22,5,970
RG26,RG26,Total,9100,7129,3164,3965,72,14258,956,40,916,1912,838,752,16,56,14,1676
RG27,RG27,Total,8420,6310,2829,3481,118,12620,923,71,852,1846,953,852,34,50,17,1906
RG28,RG28,Total,2467,1656,765,891,22,3312,398,19,379,796,326,277,20,26,3,652
RG29,RG29,Total,2459,1458,805,653,10,2916,313,28,285,626,597,240,208,14,135,1194
RG30,RG30,Total,18136,10573,4208,6365,254,21146,3351,2335,1016,6702,3780,3441,110,173,56,7560
RG31,RG31,Total,10866,9163,4069,5094,46,18326,700,61,639,1400,896,792,12,73,19,1792
RG4,RG4,Total,15824,12179,5871,6308,188,24358,1330,552,778,2660,1968,1800,31,110,27,3936
RG40,RG40,Total,10767,8367,3982,4385,56,16734,1116,907,209,2232,1119,1007,35,61,16,2238
RG41,RG41,Total,10853,8904,3825,5079,153,17808,678,321,357,1356,1043,948,24,63,8,2086
RG42,RG42,Total,10640,7654,2807,4847,160,15308,1429,455,974,2858,1298,1150,35,89,24,2596
RG45,RG45,Total,5469,4420,2192,2228,44,8840,255,92,163,510,622,480,93,27,22,1244
RG5,RG5,Total,9974,8266,3788,4478,44,16532,693,507,186,1386,902,827,4,64,7,1804
RG6,RG6,Total,13651,10759,4510,6249,115,21518,422,122,300,844,2262,2114,22,105,21,4524
RG7,RG7,Total,12634,8865,4131,4734,254,17730,1621,252,1369,3242,1599,1383,101,71,44,3198
RG8,RG8,Total,7486,5848,3152,2696,34,11696,605,53,552,1210,809,695,55,43,16,1618
RG9,RG9,Total,9594,6769,3908,2861,57,13538,966,144,822,1932,1544,1394,61,58,31,3088
RH1,RH1,Total,18941,12439,5049,7390,327,24878,2895,840,2055,5790,3131,2920,39,140,32,6262
RH10,RH10,Total,26514,18009,7599,10410,337,36018,3985,2983,1002,7970,3871,3599,46,187,39,7742
RH11,RH11,Total,21817,11675,4023,7652,291,23350,6549,4985,1564,13098,3008,2780,34,162,32,6016
RH12,RH12,Total,18401,13478,6425,7053,130,26956,2231,227,2004,4462,2342,2116,63,136,27,4684
RH13,RH13,Total,15242,11298,5140,6158,124,22596,1721,143,1578,3442,1836,1624,80,105,27,3672
RH14,RH14,Total,5839,4449,2240,2209,41,8898,701,73,628,1402,534,467,19,39,9,1068
RH15,RH15,Total,12662,9815,4320,5495,151,19630,1276,84,1192,2552,1331,1222,17,83,9,2662
RH16,RH16,Total,14368,10006,4780,5226,185,20012,1734,67,1667,3468,2296,2162,22,101,11,4592
RH17,RH17,Total,7485,5465,2874,2591,45,10930,843,94,749,1686,909,788,56,39,26,1818
RH18,RH18,Total,1848,1309,695,614,6,2618,157,119,38,314,311,287,13,10,1,622
RH19,RH19,Total,13759,10300,4853,5447,113,20600,1328,112,1216,2656,1826,1677,28,100,21,3652
RH2,RH2,Total,10548,7670,3693,3977,53,15340,1323,270,1053,2646,1370,1261,22,69,18,2740
RH20,RH20,Total,10824,8330,4736,3594,50,16660,1216,170,1046,2432,1037,897,41,67,32,2074
RH3,RH3,Total,1800,1397,749,648,4,2794,168,21,147,336,199,177,12,6,4,398
RH4,RH4,Total,6743,4427,2231,2196,53,8854,1154,118,1036,2308,1037,941,16,67,13,2074
RH5,RH5,Total,6641,4752,2372,2380,101,9504,800,112,688,1600,812,720,28,45,19,1624
RH6,RH6,Total,12033,8759,3964,4795,131,17518,1239,285,954,2478,1786,1665,14,88,19,3572
RH7,RH7,Total,3615,2638,1294,1344,21,5276,464,389,75,928,417,299,59,41,18,834
RH8,RH8,Total,6118,4625,2414,2211,23,9250,779,579,200,1558,620,563,22,32,3,1240
RH9,RH9,Total,2185,1562,721,841,12,3124,346,280,66,692,236,202,15,12,7,472
RM1,RM1,Total,8465,5838,2793,3045,159,11676,845,441,404,1690,1556,1483,3,64,6,3112
RM10,RM10,Total,14708,6834,2615,4219,189,13668,5095,4269,826,10190,2453,2319,12,91,31,4906
RM11,RM11,Total,12530,10676,5302,5374,40,21352,568,304,264,1136,1166,1095,12,56,3,2332
RM12,RM12,Total,14032,11131,5596,5535,49,22262,1451,1026,425,2902,1284,1177,4,95,8,2568
RM13,RM13,Total,11687,8517,4203,4314,60,17034,1800,1110,690,3600,1237,1134,6,82,15,2474
RM14,RM14,Total,10895,9635,5380,4255,21,19270,369,343,26,738,782,703,14,56,9,1564
RM15,RM15,Total,11143,6795,2484,4311,32,13590,3266,3033,233,6532,946,864,3,69,10,1892
RM16,RM16,Total,15699,11348,4054,7294,35,22696,2499,2324,175,4998,1700,1599,10,80,11,3400
RM17,RM17,Total,11090,6726,2496,4230,75,13452,1655,1341,314,3310,2563,2436,9,105,13,5126
RM18,RM18,Total,6307,3258,1096,2162,39,6516,1965,1728,237,3930,989,921,7,53,8,1978
RM19,RM19,Total,2802,1375,218,1157,92,2750,468,379,89,936,851,811,2,32,6,1702
RM2,RM2,Total,5608,4291,1989,2302,48,8582,441,301,140,882,789,740,3,42,4,1578
RM20,RM20,Total,1873,1076,301,775,8,2152,313,241,72,626,458,439,2,16,1,916
RM3,RM3,Total,16889,9773,4152,5621,85,19546,5375,4717,658,10750,1496,1369,9,97,21,2992
RM4,RM4,Total,1781,1331,718,613,15,2662,202,161,41,404,209,185,8,10,6,418
RM5,RM5,Total,7309,5410,2569,2841,38,10820,1206,1009,197,2412,584,541,7,29,7,1168
RM6,RM6,Total,12146,7523,3091,4432,175,15046,2035,1327,708,4070,2292,2178,3,93,18,4584
RM7,RM7,Total,11695,7945,3303,4642,96,15890,1930,1301,629,3860,1629,1534,3,74,18,3258
RM8,RM8,Total,14871,7164,2491,4673,196,14328,4843,4113,730,9686,2499,2337,9,116,37,4998
RM9,RM9,Total,13668,6051,2041,4010,176,12102,5323,4602,721,10646,2008,1874,6,102,26,4016
S1,S1,Total,3464,393,154,239,36,786,631,104,527,1262,2349,2238,18,35,58,4698
S10,S10,Total,17472,10627,5752,4875,62,21254,1450,784,666,2900,5164,4614,41,254,255,10328
S11,S11,Total,13801,8927,4536,4391,38,17854,1340,821,519,2680,3367,3199,20,126,22,6734
S12,S12,Total,15046,10720,5017,5703,56,21440,3077,2779,298,6154,1067,930,8,123,6,2134
S13,S13,Total,13590,8174,3662,4512,72,16348,4233,2869,1364,8466,1026,894,5,94,33,2052
S14,S14,Total,4501,1643,708,935,9,3286,2514,2272,242,5028,301,270,3,19,9,602
S17,S17,Total,6934,5761,3280,2481,10,11522,636,497,139,1272,471,423,9,37,2,942
S18,S18,Total,10777,8690,4956,3734,59,17380,1337,1004,333,2674,594,517,7,53,17,1188
S2,S2,Total,18237,5992,2351,3641,86,11984,8469,4267,4202,16938,3349,3017,19,165,148,6698
S20,S20,Total,13528,9965,4019,5946,52,19930,2296,1824,472,4592,1127,994,8,110,15,2254
S21,S21,Total,8821,5890,2646,3244,36,11780,2111,1946,165,4222,701,619,9,59,14,1402
S25,S25,Total,8848,6642,3109,3533,13,13284,1050,894,156,2100,1040,944,8,76,12,2080
S26,S26,Total,10888,8171,3802,4369,20,16342,1568,1391,177,3136,977,868,4,88,17,1954
S3,S3,Total,7282,1195,561,634,104,2390,2803,1875,928,5606,3054,2921,11,52,70,6108
S32,S32,Total,2486,1905,1193,712,13,3810,276,98,178,552,250,209,3,27,11,500
S33,S33,Total,2240,1594,987,607,13,3188,307,159,148,614,287,244,12,21,10,574
S35,S35,Total,17788,13890,6740,7150,43,27780,2364,2158,206,4728,1334,1189,15,107,23,2668
S36,S36,Total,11840,9034,4353,4681,45,18068,1586,1353,233,3172,1043,933,9,80,21,2086
S4,S4,Total,5011,2178,1167,1011,32,4356,1649,1143,506,3298,1067,993,0,49,25,2134
S40,S40,Total,16526,10565,5697,4868,73,21130,3560,3146,414,7120,2151,1969,9,148,25,4302
S41,S41,Total,16485,10248,5172,5076,64,20496,3770,3283,487,7540,2234,2026,25,149,34,4468
S42,S42,Total,12423,8991,5117,3874,39,17982,2375,2175,200,4750,921,816,4,88,13,1842
S43,S43,Total,17465,11521,5535,5986,27,23042,3842,3273,569,7684,1926,1741,4,165,16,3852
S44,S44,Total,9487,6275,3272,3003,22,12550,1995,1652,343,3990,1055,949,8,86,12,2110
S45,S45,Total,6075,3708,1852,1856,29,7416,1647,1555,92,3294,621,543,9,58,11,1242
S5,S5,Total,24687,10833,4460,6373,67,21666,11734,8875,2859,23468,1869,1661,14,139,55,3738
S6,S6,Total,26192,16549,7406,9143,73,33098,5436,3855,1581,10872,3917,3541,12,310,54,7834
S60,S60,Total,15199,10463,5204,5259,48,20926,2506,1971,535,5012,1924,1777,20,108,19,3848
S61,S61,Total,15480,9199,4202,4997,43,18398,4511,3861,650,9022,1458,1322,5,114,17,2916
S62,S62,Total,8623,5002,2220,2782,39,10004,2335,2040,295,4670,1088,992,5,76,15,2176
S63,S63,Total,16313,9926,4504,5422,67,19852,3804,2986,818,7608,2262,2093,9,144,16,4524
S64,S64,Total,13284,8211,4044,4167,47,16422,3265,2900,365,6530,1569,1440,12,100,17,3138
S65,S65,Total,14724,7349,3371,3978,44,14698,5130,4159,971,10260,1856,1701,12,112,31,3712
S66,S66,Total,19369,13699,6294,7405,55,27398,2775,2099,676,5550,2557,2329,13,193,22,5114
S7,S7,Total,6739,4675,2180,2495,43,9350,309,127,182,618,1650,1549,5,75,21,3300
S70,S70,Total,17765,9820,4657,5163,103,19640,4449,3581,868,8898,3043,2837,16,158,32,6086
S71,S71,Total,19442,12037,5645,6392,95,24074,5059,4462,597,10118,1931,1744,20,149,18,3862
S72,S72,Total,10651,6895,2999,3896,36,13790,2160,1799,361,4320,1400,1281,2,104,13,2800
S73,S73,Total,11663,7289,3363,3926,36,14578,2577,2297,280,5154,1566,1440,5,101,20,3132
S74,S74,Total,7720,4723,2208,2515,31,9446,1948,1836,112,3896,906,836,3,56,11,1812
S75,S75,Total,18914,14284,7093,7191,73,28568,2306,2038,268,4612,1993,1799,11,165,18,3986
S8,S8,Total,20879,13408,6092,7316,50,26816,4484,3962,522,8968,2775,2514,16,215,30,5550
S80,S80,Total,13095,7643,3699,3944,62,15286,2796,2185,611,5592,2307,2110,37,121,39,4614
S81,S81,Total,15694,11765,5583,6182,46,23530,2186,1934,252,4372,1480,1322,17,129,12,2960
S9,S9,Total,10718,6155,2850,3305,44,12310,2832,1892,940,5664,1549,1372,13,137,27,3098
SE1,SE1,Total,29767,7074,2408,4666,714,14148,11865,7564,4301,23730,9625,8827,187,429,182,19250
SE10,SE10,Total,10819,3849,1332,2517,185,7698,3559,2095,1464,7118,3103,2971,11,88,33,6206
SE11,SE11,Total,9807,2472,922,1550,270,4944,4829,3257,1572,9658,2103,1946,28,84,45,4206
SE12,SE12,Total,11445,6104,2526,3578,111,12208,3049,1340,1709,6098,2072,1946,5,107,14,4144
SE13,SE13,Total,18485,7404,2497,4907,306,14808,5056,2623,2433,10112,5564,5286,30,204,44,11128
SE14,SE14,Total,9941,2898,901,1997,163,5796,3517,2189,1328,7034,3260,3118,9,100,33,6520
SE15,SE15,Total,25676,7091,2108,4983,598,14182,12852,9278,3574,25704,4822,4540,9,191,82,9644
SE16,SE16,Total,19922,5256,1609,3647,727,10512,8822,5848,2974,17644,4885,4633,18,181,53,9770
SE17,SE17,Total,13800,2318,736,1582,164,4636,8347,6859,1488,16694,2812,2658,10,100,44,5624
SE18,SE18,Total,29815,10148,3486,6662,643,20296,11809,8392,3417,23618,6868,6290,152,253,173,13736
SE19,SE19,Total,12727,6099,2166,3933,165,12198,3103,1650,1453,6206,3236,3040,25,128,43,6472
SE2,SE2,Total,10261,4951,2019,2932,73,9902,3676,2223,1453,7352,1462,1375,4,73,10,2924
SE20,SE20,Total,10449,4312,1370,2942,161,8624,3440,380,3060,6880,2462,2341,14,85,22,4924
SE21,SE21,Total,6027,3248,1454,1794,37,6496,1443,883,560,2886,1221,1141,22,50,8,2442
SE22,SE22,Total,12683,6061,1989,4072,131,12122,3152,1759,1393,6304,3218,3083,16,97,22,6436
SE23,SE23,Total,14535,7206,2556,4650,166,14412,3437,1805,1632,6874,3595,3400,19,138,38,7190
SE24,SE24,Total,7860,3495,1314,2181,44,6990,2261,962,1299,4522,1991,1881,4,80,26,3982
SE25,SE25,Total,15012,7581,2358,5223,145,15162,2928,1078,1850,5856,4177,4004,11,119,43,8354
SE26,SE26,Total,12514,5440,1943,3497,95,10880,4236,2161,2075,8472,2612,2470,5,94,43,5224
SE27,SE27,Total,9063,3759,1219,2540,98,7518,2789,1880,909,5578,2335,2214,8,82,31,4670
SE28,SE28,Total,10535,3828,740,3088,357,7656,3333,317,3016,6666,2934,2796,5,104,29,5868
SE3,SE3,Total,14069,7527,3349,4178,133,15054,3295,2588,707,6590,2976,2850,19,80,27,5952
SE4,SE4,Total,11944,5054,1638,3416,186,10108,3210,1871,1339,6420,3350,3133,13,176,28,6700
SE5,SE5,Total,18784,5092,1649,3443,213,10184,9155,6649,2506,18310,4106,3839,25,202,40,8212
SE6,SE6,Total,21282,10483,3638,6845,142,20966,6028,2095,3933,12056,4420,4156,8,186,70,8840
SE7,SE7,Total,8306,3254,1144,2110,30,6508,3581,2176,1405,7162,1357,1260,3,75,19,2714
SE8,SE8,Total,11765,2495,716,1779,251,4990,5614,3861,1753,11228,3266,3120,8,111,27,6532
SE9,SE9,Total,25323,14975,6481,8494,177,29950,7385,4582,2803,14770,2519,2302,15,147,55,5038
SG1,SG1,Total,21397,11982,4265,7717,384,23964,6038,4451,1587,12076,2829,2605,10,199,15,5658
SG10,SG10,Total,777,532,286,246,5,1064,134,27,107,268,86,71,11,2,2,172
SG11,SG11,Total,3141,2372,1057,1315,11,4744,397,52,345,794,298,272,15,7,4,596
SG12,SG12,Total,12646,8814,3865,4949,101,17628,1809,304,1505,3618,1763,1644,15,78,26,3526
SG13,SG13,Total,6658,4844,1995,2849,72,9688,785,119,666,1570,829,749,26,40,14,1658
SG14,SG14,Total,8350,5623,2576,3047,43,11246,1443,193,1250,2886,1130,1056,19,40,15,2260
SG15,SG15,Total,2344,1603,508,1095,15,3206,428,37,391,856,284,259,2,20,3,568
SG16,SG16,Total,2446,1690,695,995,54,3380,268,12,256,536,417,164,154,17,82,834
SG17,SG17,Total,4816,3364,1495,1869,45,6728,729,32,697,1458,628,387,116,33,92,1256
SG18,SG18,Total,10005,7034,3131,3903,88,14068,1466,130,1336,2932,1291,1197,15,61,18,2582
SG19,SG19,Total,9994,7126,3087,4039,91,14252,1477,317,1160,2954,1151,1059,19,59,14,2302
SG2,SG2,Total,17127,11035,4231,6804,136,22070,4246,3576,670,8492,1589,1439,12,125,13,3178
SG3,SG3,Total,3002,2066,975,1091,13,4132,506,216,290,1012,368,341,5,19,3,736
SG4,SG4,Total,12349,8522,4086,4436,131,17044,1784,757,1027,3568,1769,1648,27,71,23,3538
SG5,SG5,Total,13457,8948,3954,4994,124,17896,2326,811,1515,4652,1892,1763,14,93,22,3784
SG6,SG6,Total,13990,8098,3965,4133,94,16196,4345,1342,3003,8690,1330,1203,16,80,31,2660
SG7,SG7,Total,5604,3826,1792,2034,66,7652,876,359,517,1752,767,699,15,39,14,1534
SG8,SG8,Total,15581,11316,5404,5912,135,22632,2167,1308,859,4334,1743,1479,102,83,79,3486
SG9,SG9,Total,3694,2842,1407,1435,8,5684,429,94,335,858,346,307,5,27,7,692
SK1,SK1,Total,5655,2931,1106,1825,101,5862,1560,921,639,3120,999,916,5,65,13,1998
SK10,SK10,Total,17296,13182,6546,6636,91,26364,1787,424,1363,3574,2047,1880,20,120,27,4094
SK11,SK11,Total,16470,11114,5293,5821,105,22228,2581,616,1965,5162,2464,2250,17,154,43,4928
SK12,SK12,Total,8107,6976,3864,3112,35,13952,459,80,379,918,564,499,8,49,8,1128
SK13,SK13,Total,14003,9993,4330,5663,56,19986,2054,1722,332,4108,1723,1557,6,142,18,3446
SK14,SK14,Total,19811,12416,5267,7149,97,24832,4668,1203,3465,9336,2435,2203,8,188,36,4870
SK15,SK15,Total,11709,7412,3057,4355,44,14824,2640,769,1871,5280,1485,1345,9,110,21,2970
SK16,SK16,Total,8566,5388,2300,3088,13,10776,2167,601,1566,4334,901,801,8,71,21,1802
SK17,SK17,Total,13813,9517,5199,4318,95,19034,1740,1083,657,3480,2265,2008,27,192,38,4530
SK2,SK2,Total,12333,8907,3897,5010,116,17814,1779,863,916,3558,1432,1309,3,106,14,2864
SK22,SK22,Total,5348,3991,1947,2044,26,7982,626,469,157,1252,646,584,0,51,11,1292
SK23,SK23,Total,7335,5732,2994,2738,69,11464,591,520,71,1182,846,761,4,69,12,1692
SK3,SK3,Total,12422,7678,2894,4784,192,15356,2544,1664,880,5088,1902,1753,11,118,20,3804
SK4,SK4,Total,15206,10881,5148,5733,55,21762,1685,869,816,3370,2442,2298,12,113,19,4884
SK5,SK5,Total,13144,7378,3001,4377,139,14756,3726,3052,674,7452,1708,1572,4,122,10,3416
SK6,SK6,Total,22112,17173,9157,8016,172,34346,2685,1527,1158,5370,1869,1644,16,170,39,3738
SK7,SK7,Total,16809,14492,7628,6864,98,28984,704,387,317,1408,1377,1253,9,102,13,2754
SK8,SK8,Total,23967,19610,9829,9781,112,39220,1897,1289,608,3794,2103,1867,20,204,12,4206
SK9,SK9,Total,16554,12285,6231,6054,114,24570,1880,186,1694,3760,2083,1933,24,106,20,4166
SL0,SL0,Total,4299,3182,1462,1720,128,6364,569,57,512,1138,377,337,4,26,10,754
SL1,SL1,Total,26080,14214,5189,9025,377,28428,4221,2154,2067,8442,6969,6623,45,224,77,13938
SL2,SL2,Total,19089,10583,4333,6250,235,21166,4699,2855,1844,9398,3362,3115,57,145,45,6724
SL3,SL3,Total,17306,10415,4150,6265,248,20830,3178,1801,1377,6356,3310,3127,37,131,15,6620
SL4,SL4,Total,18139,11233,5450,5783,104,22466,2639,297,2342,5278,3690,2868,422,113,287,7380
SL5,SL5,Total,9247,6590,3169,3421,32,13180,959,147,812,1918,1395,1278,45,43,29,2790
SL6,SL6,Total,31275,22266,10725,11541,236,44532,3966,269,3697,7932,4368,3961,122,214,71,8736
SL7,SL7,Total,8657,6415,3305,3110,23,12830,842,675,167,1684,1256,1013,134,44,65,2512
SL8,SL8,Total,2825,2164,1171,993,4,4328,243,182,61,486,370,339,7,22,2,740
SL9,SL9,Total,7784,6329,3405,2924,31,12658,566,65,501,1132,757,671,43,21,22,1514
SM1,SM1,Total,16275,10673,4224,6449,178,21346,2145,1339,806,4290,3168,2984,17,145,22,6336
SM2,SM2,Total,12043,7967,3979,3988,38,15934,1042,446,596,2084,2906,2770,10,109,17,5812
SM3,SM3,Total,7943,6661,3010,3651,22,13322,267,125,142,534,929,867,8,51,3,1858
SM4,SM4,Total,14024,9358,4103,5255,85,18716,2497,1074,1423,4994,1969,1824,11,104,30,3938
SM5,SM5,Total,15277,9994,3853,6141,101,19988,3362,2672,690,6724,1715,1589,17,84,25,3430
SM6,SM6,Total,15169,9593,3972,5621,202,19186,3062,889,2173,6124,2202,2069,16,100,17,4404
SM7,SM7,Total,7113,6016,2993,3023,44,12032,503,76,427,1006,491,443,13,32,3,982
SN1,SN1,Total,12975,6912,2579,4333,320,13824,1254,634,620,2508,4392,4143,19,195,35,8784
SN10,SN10,Total,13297,8619,4372,4247,174,17238,2723,279,2444,5446,1597,1350,75,111,61,3194
SN11,SN11,Total,9095,6408,2697,3711,84,12816,1287,151,1136,2574,1163,1041,29,68,25,2326
SN12,SN12,Total,10494,7646,3638,4008,47,15292,1464,174,1290,2928,1225,1093,23,99,10,2450
SN13,SN13,Total,7002,4763,2356,2407,68,9526,1073,128,945,2146,1010,780,106,57,67,2020
SN14,SN14,Total,11079,7791,3569,4222,52,15582,1499,142,1357,2998,1571,1136,211,81,143,3142
SN15,SN15,Total,14184,9831,4630,5201,110,19662,1761,161,1600,3522,2312,1624,357,109,222,4624
SN16,SN16,Total,5722,4168,2195,1973,40,8336,599,58,541,1198,812,732,25,31,24,1624
SN2,SN2,Total,17654,10503,4116,6387,54,21006,4290,3695,595,8580,2629,2399,32,178,20,5258
SN25,SN25,Total,14358,10240,2791,7449,274,20480,1259,581,678,2518,2512,2340,9,152,11,5024
SN26,SN26,Total,706,573,317,256,2,1146,73,63,10,146,51,43,1,5,2,102
SN3,SN3,Total,21706,14741,6881,7860,272,29482,4596,3387,1209,9192,1878,1675,16,161,26,3756
SN4,SN4,Total,11498,8594,4381,4213,93,17188,1420,583,837,2840,1247,1048,65,77,57,2494
SN5,SN5,Total,13688,9706,3424,6282,130,19412,1827,973,854,3654,1922,1770,8,128,16,3844
SN6,SN6,Total,8843,6194,3171,3023,42,12388,1165,532,633,2330,1280,843,244,58,135,2560
SN7,SN7,Total,5580,3662,1747,1915,78,7324,887,153,734,1774,818,694,57,29,38,1636
SN8,SN8,Total,9893,6374,3554,2820,85,12748,1667,187,1480,3334,1392,1143,120,71,58,2784
SN9,SN9,Total,3552,2305,1252,1053,28,4610,602,82,520,1204,534,358,96,24,56,1068
SO14,SO14,Total,10769,2693,1044,1649,208,5386,2915,1772,1143,5830,4815,4625,16,135,39,9630
SO15,SO15,Total,18364,8919,3805,5114,150,17838,2329,1213,1116,4658,6787,6512,17,214,44,13574
SO16,SO16,Total,26586,14528,6571,7957,189,29056,7445,6276,1169,14890,4112,3713,23,231,145,8224
SO17,SO17,Total,7525,2916,1525,1391,42,5832,1120,533,587,2240,3380,3227,11,112,30,6760
SO18,SO18,Total,15553,9635,4247,5388,191,19270,2970,1656,1314,5940,2625,2429,9,160,27,5250
SO19,SO19,Total,24150,13953,5839,8114,256,27906,6364,5245,1119,12728,3322,3053,14,231,24,6644
SO20,SO20,Total,3295,2062,1210,852,33,4124,427,130,297,854,611,347,172,14,78,1222
SO21,SO21,Total,7713,5548,2850,2698,91,11096,786,545,241,1572,1083,761,183,48,91,2166
SO22,SO22,Total,10651,6996,3762,3234,85,13992,1969,1270,699,3938,1474,1296,61,73,44,2948
SO23,SO23,Total,9644,5040,2632,2408,91,10080,2590,1828,762,5180,1713,1515,84,83,31,3426
SO24,SO24,Total,4655,3317,1931,1386,48,6634,508,341,167,1016,605,533,22,37,13,1210
SO30,SO30,Total,13248,10458,4599,5859,169,20916,1109,100,1009,2218,1429,1290,14,118,7,2858
SO31,SO31,Total,18587,13980,6361,7619,117,27960,2023,422,1601,4046,2299,2049,44,172,34,4598
SO32,SO32,Total,8021,6345,3310,3035,29,12690,780,533,247,1560,708,611,18,61,18,1416
SO40,SO40,Total,17263,13205,6084,7121,96,26410,1749,1009,740,3498,2049,1748,97,155,49,4098
SO41,SO41,Total,14531,10974,7288,3686,101,21948,1441,1105,336,2882,1793,1634,32,106,21,3586
SO42,SO42,Total,2205,1600,1086,514,11,3200,189,116,73,378,334,272,39,16,7,668
SO43,SO43,Total,1938,1386,883,503,7,2772,219,147,72,438,281,234,16,18,13,562
SO45,SO45,Total,15054,11075,6100,4975,111,22150,2220,1127,1093,4440,1508,1270,65,122,51,3016
SO50,SO50,Total,18969,13160,5555,7605,246,26320,2888,247,2641,5776,2505,2285,12,186,22,5010
SO51,SO51,Total,11273,8471,4849,3622,61,16942,1235,375,860,2470,1298,1126,61,91,20,2596
SO52,SO52,Total,3022,2338,1258,1080,22,4676,384,111,273,768,258,235,3,20,0,516
SO53,SO53,Total,13187,10800,5202,5598,61,21600,989,109,880,1978,1252,1149,7,89,7,2504
SP1,SP1,Total,9293,5997,3273,2724,68,11994,1593,1114,479,3186,1481,1312,37,103,29,2962
SP10,SP10,Total,16718,10797,4454,6343,119,21594,3417,1173,2244,6834,2212,1934,69,165,44,4424
SP11,SP11,Total,9296,5816,2912,2904,112,11632,1602,323,1279,3204,1531,1055,290,56,130,3062
SP2,SP2,Total,12716,7448,3764,3684,130,14896,2658,1745,913,5316,2277,1882,158,131,106,4554
SP3,SP3,Total,4993,3271,1958,1313,41,6542,739,588,151,1478,815,710,53,27,25,1630
SP4,SP4,Total,11662,6810,3127,3683,141,13620,1851,993,858,3702,2727,1186,866,62,613,5454
SP5,SP5,Total,9192,6879,3950,2929,43,13758,777,496,281,1554,1232,1080,66,63,23,2464
SP6,SP6,Total,5954,4478,2632,1846,24,8956,554,318,236,1108,767,672,32,46,17,1534
SP7,SP7,Total,5652,4058,2356,1702,34,8116,710,143,567,1420,735,647,25,53,10,1470
SP8,SP8,Total,6331,4662,2516,2146,76,9324,668,47,621,1336,852,772,13,56,11,1704
SP9,SP9,Total,2955,905,298,607,21,1810,633,99,534,1266,1384,389,582,10,403,2768
SR1,SR1,Total,2606,424,194,230,3,848,1424,610,814,2848,740,705,4,12,19,1480
SR2,SR2,Total,14575,8161,3670,4491,30,16322,3021,1409,1612,6042,3230,3005,13,160,52,6460
SR3,SR3,Total,17263,10460,4880,5580,114,20920,5258,2438,2820,10516,1294,1110,9,134,41,2588
SR4,SR4,Total,17417,10319,4773,5546,33,20638,4430,2367,2063,8860,2505,2207,26,208,64,5010
SR5,SR5,Total,15372,7440,3222,4218,17,14880,6070,3285,2785,12140,1740,1542,16,121,61,3480
SR6,SR6,Total,13432,10459,5579,4880,45,20918,1408,901,507,2816,1399,1250,8,119,22,2798
SR7,SR7,Total,13562,8744,3910,4834,13,17488,2930,2355,575,5860,1656,1494,16,133,13,3312
SR8,SR8,Total,15374,9566,4221,5345,27,19132,3699,2896,803,7398,1838,1684,3,125,26,3676
SS0,SS0,Total,17773,10709,4571,6138,55,21418,1185,723,462,2370,5644,5316,60,227,41,11288
SS1,SS1,Total,11443,6821,3578,3243,63,13642,1168,215,953,2336,3280,3140,20,96,24,6560
SS11,SS11,Total,6947,5759,2990,2769,21,11518,533,414,119,1066,583,530,14,36,3,1166
SS12,SS12,Total,7477,6014,2480,3534,71,12028,542,297,245,1084,800,742,5,51,2,1600
SS13,SS13,Total,9316,4874,1801,3073,272,9748,3054,2336,718,6108,1030,957,4,58,11,2060
SS14,SS14,Total,10422,5511,2178,3333,68,11022,3545,2529,1016,7090,1169,1076,4,71,18,2338
SS15,SS15,Total,12800,6882,2691,4191,116,13764,4232,2364,1868,8464,1451,1334,5,84,28,2902
SS16,SS16,Total,12163,7401,3004,4397,156,14802,3110,1710,1400,6220,1391,1256,25,84,26,2782
SS17,SS17,Total,13131,10441,5119,5322,19,20882,1335,1007,328,2670,1225,1110,19,88,8,2450
SS2,SS2,Total,15758,9255,4100,5155,83,18510,3216,2169,1047,6432,3060,2884,6,149,21,6120
SS3,SS3,Total,11546,7639,3440,4199,65,15278,2113,1116,997,4226,1624,1457,8,113,46,3248
SS4,SS4,Total,8631,6447,3096,3351,30,12894,1052,137,915,2104,1012,916,10,77,9,2024
SS5,SS5,Total,8772,7867,4327,3540,12,15734,300,52,248,600,536,474,8,49,5,1072
SS6,SS6,Total,12703,10791,5253,5538,27,21582,847,137,710,1694,951,871,6,68,6,1902
SS7,SS7,Total,20319,17483,9292,8191,55,34966,738,564,174,1476,1862,1683,5,155,19,3724
SS8,SS8,Total,15871,12397,6261,6136,42,24794,1203,884,319,2406,2092,1890,9,153,40,4184
SS9,SS9,Total,21623,16987,8554,8433,56,33974,1249,935,314,2498,3166,2938,11,198,19,6332
ST1,ST1,Total,13447,7510,3511,3999,55,15020,3065,2101,964,6130,2549,2341,22,147,39,5098
ST10,ST10,Total,10882,8680,4685,3995,49,17360,957,392,565,1914,1022,874,12,114,22,2044
ST11,ST11,Total,4306,3583,2001,1582,16,7166,309,140,169,618,344,302,6,36,0,688
ST12,ST12,Total,1663,1203,701,502,2,2406,263,113,150,526,162,147,1,12,2,324
ST13,ST13,Total,12274,9053,4763,4290,47,18106,1414,437,977,2828,1589,1436,15,123,15,3178
ST14,ST14,Total,8073,5950,2990,2960,85,11900,1046,356,690,2092,873,765,25,69,14,1746
ST15,ST15,Total,9209,6861,3459,3402,29,13722,1027,307,720,2054,1167,1053,14,84,16,2334
ST16,ST16,Total,13307,8067,3672,4395,77,16134,2253,626,1627,4506,2770,2281,94,155,240,5540
ST17,ST17,Total,17101,12038,5935,6103,126,24076,2992,933,2059,5984,1752,1589,16,122,25,3504
ST18,ST18,Total,6445,5299,2991,2308,22,10598,387,115,272,774,634,547,39,33,15,1268
ST19,ST19,Total,6219,4702,2639,2063,21,9404,770,72,698,1540,620,561,16,35,8,1240
ST2,ST2,Total,14953,8409,4462,3947,56,16818,5095,3451,1644,10190,1146,1008,6,98,34,2292
ST20,ST20,Total,2853,2269,1172,1097,2,4538,243,108,135,486,287,249,10,23,5,574
ST21,ST21,Total,2379,1823,1025,798,10,3646,204,85,119,408,306,263,15,25,3,612
ST3,ST3,Total,28592,18662,9027,9635,111,37324,6859,6012,847,13718,2493,2240,11,213,29,4986
ST4,ST4,Total,24835,15151,7161,7990,120,30302,3999,2605,1394,7998,5230,4832,39,259,100,10460
ST5,ST5,Total,34908,23029,11587,11442,178,46058,7338,2586,4752,14676,3911,3501,35,287,88,7822
ST6,ST6,Total,27585,15875,7552,8323,76,31750,7014,5527,1487,14028,4130,3853,10,230,37,8260
ST7,ST7,Total,22840,17502,9170,8332,66,35004,3014,894,2120,6028,2005,1798,9,160,38,4010
ST8,ST8,Total,8753,6876,3718,3158,20,13752,1004,432,572,2008,764,673,4,79,8,1528
ST9,ST9,Total,4926,4518,2797,1721,7,9036,104,37,67,208,249,215,6,23,5,498
SW10,SW10,Total,9360,3689,2182,1507,55,7378,2322,1396,926,4644,3067,2909,19,110,29,6134
SW11,SW11,Total,31920,13293,5387,7906,433,26586,8307,5394,2913,16614,9543,9054,39,381,69,19086
SW12,SW12,Total,13444,6679,2557,4122,129,13358,2132,801,1331,4264,4377,4183,16,153,25,8754
SW13,SW13,Total,6859,4093,2177,1916,20,8186,1124,332,792,2248,1521,1437,18,54,12,3042
SW14,SW14,Total,7028,4508,2058,2450,21,9016,885,199,686,1770,1542,1449,8,77,8,3084
SW15,SW15,Total,25564,11697,5563,6134,323,23394,5382,4470,912,10764,7859,7362,92,297,108,15718
SW16,SW16,Total,31898,16108,6249,9859,417,32216,5031,2673,2358,10062,10012,9642,19,277,74,20024
SW17,SW17,Total,25863,11866,4778,7088,235,23732,4343,1970,2373,8686,9136,8725,49,305,57,18272
SW18,SW18,Total,24664,13035,4697,8338,497,26070,3478,1907,1571,6956,7452,7017,82,296,57,14904
SW19,SW19,Total,32895,17592,7881,9711,293,35184,3928,1885,2043,7856,10713,10244,46,353,70,21426
SW1A,SW1A,Total,149,60,46,14,0,120,1,0,1,2,72,65,0,1,6,144
SW1E,SW1E,Total,310,170,105,65,4,340,15,1,14,30,103,83,8,2,10,206
SW1H,SW1H,Total,427,155,96,59,8,310,41,5,36,82,197,184,6,4,3,394
SW1P,SW1P,Total,6713,2068,1273,795,93,4136,2331,901,1430,4662,1989,1735,90,89,75,3978
SW1V,SW1V,Total,11802,3466,2011,1455,93,6932,4045,1795,2250,8090,3982,3740,16,171,55,7964
SW1W,SW1W,Total,4418,1231,805,426,102,2462,1253,420,833,2506,1630,1505,65,28,32,3260
SW1X,SW1X,Total,3190,1180,863,317,16,2360,148,9,139,296,1507,1433,10,28,36,3014
SW1Y,SW1Y,Total,326,76,58,18,2,152,10,0,10,20,217,188,15,2,12,434
SW2,SW2,Total,23163,7663,2445,5218,409,15326,7915,4272,3643,15830,6940,6576,28,243,93,13880
SW20,SW20,Total,11629,7745,3630,4115,39,15490,916,245,671,1832,2807,2653,24,111,19,5614
SW3,SW3,Total,11755,4807,3481,1326,44,9614,1924,702,1222,3848,4508,4254,53,124,77,9016
SW4,SW4,Total,17070,5740,2087,3653,195,11480,5428,3249,2179,10856,5536,5260,20,199,57,11072
SW5,SW5,Total,8322,2735,1535,1200,65,5470,1634,157,1477,3268,3703,3553,29,77,44,7406
SW6,SW6,Total,28585,11341,5475,5866,459,22682,7337,4056,3281,14674,8965,8466,40,393,66,17930
SW7,SW7,Total,9345,3843,2639,1204,37,7686,514,53,461,1028,4418,4167,82,92,77,8836
SW8,SW8,Total,16513,4281,1604,2677,525,8562,6660,3822,2838,13320,4859,4589,45,180,45,9718
SW9,SW9,Total,18654,3880,1158,2722,294,7760,9484,4953,4531,18968,4795,4472,17,227,79,9590
SY1,SY1,Total,11410,6975,3134,3841,84,13950,2276,775,1501,4552,1939,1795,15,106,23,3878
SY10,SY10,Total,5990,4561,2706,1855,34,9122,647,495,152,1294,637,557,19,51,10,1274
SY11,SY11,Total,11600,7738,3985,3753,50,15476,1918,1337,581,3836,1716,1561,24,110,21,3432
SY12,SY12,Total,3403,2401,1370,1031,24,4802,375,53,322,750,534,483,16,26,9,1068
SY13,SY13,Total,8158,5662,3086,2576,54,11324,981,203,778,1962,1336,1227,33,57,19,2672
SY14,SY14,Total,2403,1743,1002,741,35,3486,222,69,153,444,355,320,12,20,3,710
SY15,SY15,Total,2195,1579,986,593,6,3158,195,131,64,390,362,313,13,27,9,724
SY16,SY16,Total,7016,4199,2438,1761,22,8398,1655,1088,567,3310,1032,908,15,97,12,2064
SY17,SY17,Total,1540,1153,765,388,0,2306,165,124,41,330,186,170,1,14,1,372
SY18,SY18,Total,2126,1444,993,451,8,2888,281,209,72,562,350,315,2,29,4,700
SY19,SY19,Total,503,401,282,119,0,802,37,28,9,74,47,42,0,4,1,94
SY2,SY2,Total,7557,5099,2649,2450,67,10198,1456,398,1058,2912,825,749,8,59,9,1650
SY20,SY20,Total,3141,2153,1435,718,11,4306,429,270,159,858,458,384,5,62,7,916
SY21,SY21,Total,6967,4616,2795,1821,38,9232,997,505,492,1994,1148,1026,25,76,21,2296
SY22,SY22,Total,4014,3042,1884,1158,9,6084,334,212,122,668,558,502,8,45,3,1116
SY23,SY23,Total,11635,6916,4265,2651,39,13832,1281,365,916,2562,3172,2893,34,145,100,6344
SY24,SY24,Total,2025,1469,907,562,5,2938,154,42,112,308,366,339,3,20,4,732
SY25,SY25,Total,1969,1486,981,505,7,2972,102,41,61,204,320,283,2,29,6,640
SY3,SY3,Total,14678,10818,5854,4964,43,21636,1416,278,1138,2832,2237,1991,63,143,40,4474
SY4,SY4,Total,9848,7124,3900,3224,60,14248,995,173,822,1990,1511,1227,126,104,54,3022
SY5,SY5,Total,8708,6276,3639,2637,44,12552,1014,266,748,2028,1154,1019,31,77,27,2308
SY6,SY6,Total,2939,2248,1558,690,28,4496,276,22,254,552,328,299,4,20,5,656
SY7,SY7,Total,5215,3526,2407,1119,51,7052,556,46,510,1112,920,838,34,41,7,1840
SY8,SY8,Total,8457,5796,3813,1983,113,11592,1139,99,1040,2278,1232,1086,31,95,20,2464
SY9,SY9,Total,1251,788,549,239,11,1576,178,19,159,356,230,191,6,32,1,460
TA1,TA1,Total,17421,10829,5650,5179,82,21658,2976,2145,831,5952,3278,2999,58,180,41,6556
TA10,TA10,Total,3939,3020,1781,1239,30,6040,372,96,276,744,443,396,9,34,4,886
TA11,TA11,Total,3976,3041,1809,1232,25,6082,397,106,291,794,433,376,4,44,9,866
TA12,TA12,Total,2772,2004,1055,949,21,4008,388,115,273,776,311,269,6,31,5,622
TA13,TA13,Total,1819,1351,862,489,21,2702,241,62,179,482,170,139,5,24,2,340
TA14,TA14,Total,1299,912,490,422,15,1824,211,70,141,422,138,113,3,18,4,276
TA15,TA15,Total,365,237,138,99,2,474,77,19,58,154,39,33,1,4,1,78
TA16,TA16,Total,836,621,339,282,2,1242,112,27,85,224,83,72,2,7,2,166
TA17,TA17,Total,229,180,132,48,0,360,12,1,11,24,32,27,0,4,1,64
TA18,TA18,Total,4519,3244,1873,1371,40,6488,577,161,416,1154,574,526,6,38,4,1148
TA19,TA19,Total,5148,3772,2146,1626,26,7544,636,154,482,1272,643,562,13,55,13,1286
TA2,TA2,Total,10924,6891,3204,3687,45,13782,2191,1726,465,4382,1638,1447,37,108,46,3276
TA20,TA20,Total,8928,6301,3602,2699,84,12602,1414,406,1008,2828,999,887,14,90,8,1998
TA21,TA21,Total,7670,5293,2752,2541,45,10586,1207,855,352,2414,999,904,11,74,10,1998
TA22,TA22,Total,1268,825,578,247,4,1650,230,19,211,460,172,140,17,11,4,344
TA23,TA23,Total,2550,1708,1028,680,15,3416,438,36,402,876,351,316,3,24,8,702
TA24,TA24,Total,8374,5566,3872,1694,39,11132,1139,83,1056,2278,1457,1267,31,110,49,2914
TA3,TA3,Total,6080,4864,2919,1945,46,9728,435,296,139,870,631,547,9,37,38,1262
TA4,TA4,Total,7992,5736,3286,2450,42,11472,954,470,484,1908,1113,980,28,91,14,2226
TA5,TA5,Total,4310,3165,1865,1300,24,6330,466,209,257,932,541,452,21,56,12,1082
TA6,TA6,Total,19731,12412,5681,6731,99,24824,3332,2101,1231,6664,3643,3324,28,253,38,7286
TA7,TA7,Total,6239,5122,2928,2194,30,10244,466,312,154,932,529,459,10,49,11,1058
TA8,TA8,Total,7723,5912,3466,2446,35,11824,447,229,218,894,1240,1131,16,83,10,2480
TA9,TA9,Total,5210,3547,1886,1661,53,7094,908,535,373,1816,644,573,11,57,3,1288
TD12,TD12,Total,528,266,184,82,0,532,39,10,29,78,159,146,7,4,2,318
TD15,TD15,Total,7729,4611,2643,1968,26,9222,1630,423,1207,3260,1266,1129,38,86,13,2532
TF1,TF1,Total,15034,9527,4119,5408,51,19054,3059,1312,1747,6118,2189,2006,29,131,23,4378
TF10,TF10,Total,7181,5312,2828,2484,29,10624,774,261,513,1548,950,852,26,56,16,1900
TF11,TF11,Total,4316,2741,1423,1318,20,5482,678,487,191,1356,759,681,28,38,12,1518
TF12,TF12,Total,2419,1592,850,742,20,3184,417,338,79,834,349,314,5,27,3,698
TF13,TF13,Total,1591,1066,677,389,8,2132,229,161,68,458,254,225,7,18,4,508
TF2,TF2,Total,15680,10305,4420,5885,59,20610,3029,1227,1802,6058,2113,1821,87,129,76,4226
TF3,TF3,Total,9185,5334,1753,3581,25,10668,2058,872,1186,4116,1672,1542,3,110,17,3344
TF4,TF4,Total,7425,4317,1500,2817,77,8634,1985,772,1213,3970,976,890,4,76,6,1952
TF5,TF5,Total,1968,1658,611,1047,2,3316,86,35,51,172,209,194,0,15,0,418
TF6,TF6,Total,2002,1485,789,696,11,2970,176,68,108,352,285,260,9,13,3,570
TF7,TF7,Total,7161,3762,1724,2038,34,7524,1868,839,1029,3736,1404,1323,4,63,14,2808
TF8,TF8,Total,1273,932,462,470,3,1864,100,43,57,200,226,206,4,11,5,452
TF9,TF9,Total,10197,7296,3849,3447,65,14592,1253,222,1031,2506,1422,1178,107,73,64,2844
TN1,TN1,Total,5539,2545,966,1579,28,5090,622,50,572,1244,2295,2192,18,71,14,4590
TN10,TN10,Total,6619,4548,2533,2015,66,9096,1613,172,1441,3226,323,277,16,27,3,646
TN11,TN11,Total,5427,3922,2106,1816,39,7844,706,76,630,1412,637,551,47,22,17,1274
TN12,TN12,Total,11581,8746,4342,4404,71,17492,1321,156,1165,2642,1274,1127,38,92,17,2548
TN13,TN13,Total,9839,6982,3679,3303,124,13964,1012,73,939,2024,1547,1432,49,39,27,3094
TN14,TN14,Total,6133,4552,2472,2080,99,9104,718,49,669,1436,662,574,27,46,15,1324
TN15,TN15,Total,9762,7644,4081,3563,139,15288,985,133,852,1970,856,741,39,60,16,1712
TN16,TN16,Total,7766,6295,3015,3280,79,12590,579,93,486,1158,690,587,54,32,17,1380
TN17,TN17,Total,5603,3708,2075,1633,56,7416,931,150,781,1862,722,625,38,51,8,1444
TN18,TN18,Total,2668,1889,955,934,11,3778,378,33,345,756,345,304,11,26,4,690
TN19,TN19,Total,2032,1605,823,782,6,3210,191,30,161,382,196,174,4,13,5,392
TN2,TN2,Total,11820,7924,4018,3906,79,15848,2206,198,2008,4412,1495,1391,14,75,15,2990
TN20,TN20,Total,1608,1264,734,530,6,2528,104,50,54,208,178,162,4,11,1,356
TN21,TN21,Total,6720,5311,2805,2506,61,10622,399,286,113,798,851,770,10,62,9,1702
TN22,TN22,Total,10719,8320,4057,4263,86,16640,947,582,365,1894,1180,1082,15,66,17,2360
TN23,TN23,Total,15442,9490,3165,6325,331,18980,2650,1741,909,5300,2780,2549,28,161,42,5560
TN24,TN24,Total,12907,8504,3792,4712,122,17008,2050,1278,772,4100,2061,1851,36,144,30,4122
TN25,TN25,Total,6337,4900,2476,2424,69,9800,483,348,135,966,775,706,22,39,8,1550
TN26,TN26,Total,4577,3551,1975,1576,35,7102,503,431,72,1006,410,355,7,41,7,820
TN27,TN27,Total,5232,3999,2271,1728,43,7998,609,369,240,1218,482,409,13,54,6,964
TN28,TN28,Total,3623,2841,1673,1168,15,5682,275,147,128,550,440,374,7,48,11,880
TN29,TN29,Total,6017,4522,2704,1818,13,9044,621,507,114,1242,756,635,22,76,23,1512
TN3,TN3,Total,4573,3516,1903,1613,22,7032,382,84,298,764,544,477,30,26,11,1088
TN30,TN30,Total,4113,3047,1907,1140,40,6094,556,390,166,1112,405,371,3,25,6,810
TN31,TN31,Total,6214,4347,2725,1622,34,8694,912,164,748,1824,784,661,54,45,24,1568
TN32,TN32,Total,2052,1546,823,723,9,3092,214,34,180,428,231,189,15,23,4,462
TN33,TN33,Total,5300,3939,2251,1688,19,7878,605,166,439,1210,649,560,14,64,11,1298
TN34,TN34,Total,14035,7842,4245,3597,47,15684,1797,231,1566,3594,4212,3985,24,173,30,8424
TN35,TN35,Total,7381,5180,2818,2362,42,10360,928,149,779,1856,1150,1073,4,59,14,2300
TN36,TN36,Total,1122,852,560,292,4,1704,139,16,123,278,104,86,9,9,0,208
TN37,TN37,Total,9606,5107,2438,2669,32,10214,1161,112,1049,2322,3200,3005,29,141,25,6400
TN38,TN38,Total,12909,6938,3114,3824,89,13876,2288,298,1990,4576,3474,3276,18,142,38,6948
TN39,TN39,Total,12035,9036,5962,3074,65,18072,1227,226,1001,2454,1584,1464,10,95,15,3168
TN4,TN4,Total,13222,8652,3935,4717,170,17304,2061,162,1899,4122,2205,2068,13,106,18,4410
TN40,TN40,Total,8455,5715,3562,2153,48,11430,655,79,576,1310,1927,1809,10,99,9,3854
TN5,TN5,Total,3542,2700,1394,1306,23,5400,381,164,217,762,374,338,8,25,3,748
TN6,TN6,Total,9889,7836,3987,3849,128,15672,779,456,323,1558,1023,907,10,86,20,2046
TN7,TN7,Total,893,673,350,323,3,1346,86,56,30,172,108,90,5,12,1,216
TN8,TN8,Total,5289,3660,1809,1851,130,7320,811,135,676,1622,586,546,10,22,8,1172
TN9,TN9,Total,7260,4471,1985,2486,171,8942,1156,149,1007,2312,1373,1229,53,77,14,2746
TQ1,TQ1,Total,14921,9185,4919,4266,145,18370,855,59,796,1710,4577,4270,19,254,34,9154
TQ10,TQ10,Total,1703,1210,743,467,28,2420,218,40,178,436,214,198,3,12,1,428
TQ11,TQ11,Total,1785,1090,604,486,29,2180,285,77,208,570,358,316,13,25,4,716
TQ12,TQ12,Total,22378,16516,8341,8175,213,33032,2192,530,1662,4384,3253,2923,29,271,30,6506
TQ13,TQ13,Total,10110,7576,4457,3119,59,15152,840,211,629,1680,1472,1289,31,125,27,2944
TQ14,TQ14,Total,8944,6578,3980,2598,80,13156,656,148,508,1312,1518,1384,10,111,13,3036
TQ2,TQ2,Total,14589,9186,4456,4730,116,18372,1714,224,1490,3428,3434,3185,16,205,28,6868
TQ3,TQ3,Total,13207,9344,4954,4390,132,18688,1186,144,1042,2372,2426,2229,10,170,17,4852
TQ4,TQ4,Total,8556,6163,3707,2456,96,12326,454,32,422,908,1767,1628,11,117,11,3534
TQ5,TQ5,Total,8903,6559,4059,2500,69,13118,600,55,545,1200,1573,1405,10,143,15,3146
TQ6,TQ6,Total,3949,2571,1717,854,32,5142,653,120,533,1306,615,507,39,39,30,1230
TQ7,TQ7,Total,7669,5427,3599,1828,58,10854,954,162,792,1908,1110,973,17,105,15,2220
TQ8,TQ8,Total,1035,747,542,205,14,1494,156,19,137,312,105,82,4,17,2,210
TQ9,TQ9,Total,7750,5139,3243,1896,95,10278,1077,136,941,2154,1307,1176,11,105,15,2614
TR1,TR1,Total,9252,5711,3236,2475,100,11422,1645,1099,546,3290,1642,1488,21,111,22,3284
TR10,TR10,Total,4359,2756,1422,1334,38,5512,601,387,214,1202,909,812,9,54,34,1818
TR11,TR11,Total,12641,8222,4999,3223,77,16444,1657,1158,499,3314,2452,2201,27,171,53,4904
TR12,TR12,Total,3895,2851,1942,909,25,5702,412,99,313,824,523,425,23,63,12,1046
TR13,TR13,Total,8416,5878,3216,2662,41,11756,865,197,668,1730,1502,1125,178,106,93,3004
TR14,TR14,Total,10567,7152,4015,3137,56,14304,1326,426,900,2652,1898,1715,10,155,18,3796
TR15,TR15,Total,8712,5595,2809,2786,60,11190,1315,361,954,2630,1624,1482,7,115,20,3248
TR16,TR16,Total,6030,4637,2665,1972,34,9274,549,152,397,1098,741,651,9,74,7,1482
TR17,TR17,Total,684,380,262,118,1,760,139,20,119,278,138,128,1,8,1,276
TR18,TR18,Total,9477,5455,3384,2071,36,10910,1923,253,1670,3846,1882,1710,17,134,21,3764
TR19,TR19,Total,4114,2942,1897,1045,20,5884,391,40,351,782,656,571,6,70,9,1312
TR2,TR2,Total,4203,2975,1875,1100,48,5950,406,275,131,812,666,574,26,51,15,1332
TR20,TR20,Total,3964,2981,1868,1113,42,5962,296,39,257,592,579,512,13,46,8,1158
TR21,TR21,Total,772,373,286,87,1,746,166,118,48,332,196,143,17,13,23,392
TR22,TR22,Total,68,18,11,7,7,36,5,0,5,10,34,23,1,0,10,68
TR24,TR24,Total,95,2,2,0,0,4,3,2,1,6,36,15,17,0,4,72
TR25,TR25,Total,54,19,14,5,0,38,5,1,4,10,28,23,1,0,4,56
TR26,TR26,Total,5280,3650,2320,1330,48,7300,631,86,545,1262,863,754,16,84,9,1726
TR27,TR27,Total,6259,4427,2548,1879,87,8854,796,129,667,1592,856,743,14,85,14,1712
TR3,TR3,Total,5417,4290,2721,1569,48,8580,342,227,115,684,654,590,5,52,7,1308
TR4,TR4,Total,4661,3454,1884,1570,21,6908,294,187,107,588,803,709,10,74,10,1606
TR5,TR5,Total,1750,1263,809,454,27,2526,154,109,45,308,268,219,6,40,3,536
TR6,TR6,Total,1614,1136,678,458,6,2272,140,88,52,280,287,256,3,25,3,574
TR7,TR7,Total,8840,5552,2792,2760,49,11104,939,171,768,1878,2158,1855,87,157,59,4316
TR8,TR8,Total,3274,2403,1369,1034,26,4806,212,73,139,424,573,479,33,43,18,1146
TR9,TR9,Total,3329,2321,1226,1095,39,4642,322,71,251,644,596,521,6,68,1,1192
TS1,TS1,Total,7014,1957,1023,934,42,3914,1675,463,1212,3350,3173,3005,7,93,68,6346
TS10,TS10,Total,16205,10658,4794,5864,112,21316,3012,1423,1589,6024,2249,2025,6,185,33,4498
TS11,TS11,Total,5397,4305,2465,1840,11,8610,496,192,304,992,516,459,5,43,9,1032
TS12,TS12,Total,9980,6636,3255,3381,34,13272,1613,716,897,3226,1592,1453,25,98,16,3184
TS13,TS13,Total,4588,2871,1690,1181,13,5742,900,414,486,1800,745,674,5,49,17,1490
TS14,TS14,Total,7760,5876,3177,2699,17,11752,902,479,423,1804,865,763,11,84,7,1730
TS15,TS15,Total,5473,4388,2362,2026,8,8776,327,73,254,654,673,612,12,43,6,1346
TS16,TS16,Total,4338,3598,1767,1831,8,7196,209,74,135,418,481,434,1,36,10,962
TS17,TS17,Total,17699,11888,3850,8038,63,23776,3044,1508,1536,6088,2569,2357,9,169,34,5138
TS18,TS18,Total,10228,6053,2818,3235,26,12106,2069,1006,1063,4138,1944,1808,6,98,32,3888
TS19,TS19,Total,15473,9928,4403,5525,76,19856,3800,2256,1544,7600,1577,1380,6,163,28,3154
TS2,TS2,Total,315,69,19,50,0,138,185,135,50,370,61,56,1,1,3,122
TS20,TS20,Total,9261,6270,2987,3283,32,12540,1543,719,824,3086,1322,1195,3,120,4,2644
TS21,TS21,Total,5352,4205,2070,2135,6,8410,557,353,204,1114,527,474,9,39,5,1054
TS22,TS22,Total,3538,3154,1677,1477,10,6308,82,33,49,164,261,225,1,34,1,522
TS23,TS23,Total,12462,8516,3341,5175,30,17032,2304,1419,885,4608,1541,1389,6,121,25,3082
TS24,TS24,Total,9949,4115,1844,2271,42,8230,3924,1700,2224,7848,1726,1622,8,77,19,3452
TS25,TS25,Total,17148,10687,5282,5405,43,21374,4147,1923,2224,8294,2013,1816,9,158,30,4026
TS26,TS26,Total,10944,7410,3139,4271,110,14820,1232,328,904,2464,2054,1936,6,93,19,4108
TS27,TS27,Total,5367,4035,1915,2120,11,8070,769,420,349,1538,500,437,7,46,10,1000
TS28,TS28,Total,2259,1529,671,858,1,3058,446,412,34,892,246,222,1,21,2,492
TS29,TS29,Total,2690,1748,754,994,5,3496,640,428,212,1280,268,243,1,22,2,536
TS3,TS3,Total,12531,5232,2201,3031,50,10464,5181,3294,1887,10362,1764,1614,10,108,32,3528
TS4,TS4,Total,6999,3012,1205,1807,13,6024,2605,965,1640,5210,1224,1025,72,70,57,2448
TS5,TS5,Total,16025,12141,5997,6144,117,24282,1286,488,798,2572,2288,2076,5,188,19,4576
TS6,TS6,Total,13295,7695,3630,4065,51,15390,4092,2417,1675,8184,1332,1202,4,105,21,2664
TS7,TS7,Total,9432,7688,4193,3495,55,15376,902,438,464,1804,705,614,1,81,9,1410
TS8,TS8,Total,8890,5295,1967,3328,86,10590,2728,811,1917,5456,654,571,5,65,13,1308
TS9,TS9,Total,5780,4323,2644,1679,14,8646,800,82,718,1600,543,488,13,40,2,1086
TW1,TW1,Total,10956,6924,2998,3926,84,13848,565,99,466,1130,3239,3092,16,118,13,6478
TW10,TW10,Total,8478,4836,2571,2265,56,9672,1444,291,1153,2888,2010,1917,23,45,25,4020
TW11,TW11,Total,10091,6875,3112,3763,68,13750,1017,251,766,2034,2041,1926,15,76,24,4082
TW12,TW12,Total,9714,6436,2972,3464,123,12872,1615,438,1177,3230,1432,1326,16,72,18,2864
TW13,TW13,Total,13950,7256,2623,4633,444,14512,3872,2468,1404,7744,2221,2088,7,97,29,4442
TW14,TW14,Total,10416,5392,2012,3380,443,10784,2796,1874,922,5592,1656,1546,9,76,25,3312
TW15,TW15,Total,11037,8652,4018,4634,88,17304,899,130,769,1798,1295,1213,15,61,6,2590
TW16,TW16,Total,8142,5785,2607,3178,107,11570,1168,166,1002,2336,1000,923,18,49,10,2000
TW17,TW17,Total,6219,5002,2663,2339,75,10004,501,61,440,1002,578,514,24,28,12,1156
TW18,TW18,Total,11125,7862,3584,4278,105,15724,1245,268,977,2490,1800,1670,20,90,20,3600
TW19,TW19,Total,6429,3996,1726,2270,178,7992,1405,186,1219,2810,786,727,9,42,8,1572
TW2,TW2,Total,12379,9007,3940,5067,69,18014,1264,350,914,2528,1912,1753,38,89,32,3824
TW20,TW20,Total,9194,5478,2522,2956,74,10956,1478,1032,446,2956,2007,1863,47,63,34,4014
TW3,TW3,Total,13686,6608,2963,3645,326,13216,2058,1079,979,4116,4560,4369,18,116,57,9120
TW4,TW4,Total,8886,3925,1720,2205,152,7850,2556,1284,1272,5112,2104,1959,27,66,52,4208
TW5,TW5,Total,9361,5159,2303,2856,76,10318,1903,1357,546,3806,2097,1988,18,68,23,4194
TW7,TW7,Total,14450,7980,3315,4665,408,15960,2857,1873,984,5714,3025,2874,22,101,28,6050
TW8,TW8,Total,8561,3175,1244,1931,363,6350,3066,2310,756,6132,1839,1754,7,58,20,3678
TW9,TW9,Total,9950,5576,2738,2838,97,11152,1206,230,976,2412,2920,2793,29,74,24,5840
UB1,UB1,Total,11428,6340,3131,3209,138,12680,2163,1393,770,4326,2562,2367,8,130,57,5124
UB10,UB10,Total,12466,9182,4319,4863,79,18364,1254,745,509,2508,1842,1521,164,54,103,3684
UB2,UB2,Total,9614,4522,2050,2472,207,9044,2465,1250,1215,4930,2237,2089,17,83,48,4474
UB3,UB3,Total,15923,8090,3013,5077,295,16180,3682,2303,1379,7364,3678,3512,24,109,33,7356
UB4,UB4,Total,13326,8118,3176,4942,267,16236,2266,1300,966,4532,2487,2342,16,93,36,4974
UB5,UB5,Total,16827,8283,3049,5234,348,16566,4585,3111,1474,9170,3375,3227,10,108,30,6750
UB6,UB6,Total,17489,11011,4990,6021,227,22022,1629,1058,571,3258,4408,4179,21,177,31,8816
UB7,UB7,Total,11094,5341,2170,3171,284,10682,2936,1691,1245,5872,2420,2300,23,63,34,4840
UB8,UB8,Total,12821,7067,3139,3928,153,14134,2688,1974,714,5376,2787,2650,17,93,27,5574
UB9,UB9,Total,6074,4097,1980,2117,57,8194,1186,643,543,2372,664,579,25,46,14,1328
W10,W10,Total,14864,2991,1376,1615,291,5982,8815,4246,4569,17630,2572,2412,13,94,53,5144
W11,W11,Total,15284,4630,2854,1776,135,9260,6283,2880,3403,12566,3954,3712,65,125,52,7908
W12,W12,Total,20345,5786,2547,3239,348,11572,8490,4007,4483,16980,5446,5196,18,169,63,10892
W13,W13,Total,13372,7179,3273,3906,217,14358,2068,1090,978,4136,3722,3606,10,75,31,7444
W14,W14,Total,17782,6270,3031,3239,160,12540,3897,1913,1984,7794,7112,6761,37,225,89,14224
W1B,W1B,Total,270,121,86,35,1,242,6,0,6,12,127,116,2,4,5,254
W1D,W1D,Total,862,97,65,32,2,194,116,21,95,232,611,589,10,3,9,1222
W1F,W1F,Total,922,149,83,66,10,298,368,147,221,736,362,354,1,3,4,724
W1G,W1G,Total,1544,540,357,183,7,1080,51,5,46,102,855,812,15,16,12,1710
W1H,W1H,Total,3261,1011,631,380,11,2022,298,76,222,596,1824,1746,18,28,32,3648
W1J,W1J,Total,890,249,167,82,4,498,80,16,64,160,483,451,10,7,15,966
W1K,W1K,Total,1661,434,292,142,1,868,435,82,353,870,679,636,13,9,21,1358
W1S,W1S,Total,104,12,6,6,0,24,32,26,6,64,59,54,2,1,2,118
W1T,W1T,Total,1733,402,227,175,7,804,338,193,145,676,931,861,23,32,15,1862
W1U,W1U,Total,3049,952,595,357,13,1904,216,62,154,432,1773,1701,16,21,35,3546
W1W,W1W,Total,2170,610,332,278,14,1220,597,210,387,1194,867,818,12,22,15,1734
W2,W2,Total,23930,7334,4229,3105,196,14668,4450,2481,1969,8900,11271,10840,49,260,122,22542
W3,W3,Total,20917,7683,3493,4190,734,15366,5191,2555,2636,10382,6948,6679,19,154,96,13896
W4,W4,Total,19733,10729,5045,5684,71,21458,3042,2021,1021,6084,5632,5416,26,161,29,11264
W5,W5,Total,20511,10539,5091,5448,205,21078,2192,1105,1087,4384,7312,7064,42,174,32,14624
W6,W6,Total,15880,5447,2628,2819,172,10894,4912,2211,2701,9824,5106,4820,43,189,54,10212
W7,W7,Total,11136,5992,2407,3585,139,11984,2452,1741,711,4904,2404,2297,11,71,25,4808
W8,W8,Total,9488,4497,3173,1324,37,8994,483,235,248,966,4070,3880,52,84,54,8140
W9,W9,Total,17503,5322,2403,2919,159,10644,5387,1356,4031,10774,6327,6080,16,174,57,12654
WA1,WA1,Total,9320,6822,3155,3667,22,13644,1004,383,621,2008,1392,1278,4,100,10,2784
WA10,WA10,Total,17384,11334,5624,5710,114,22668,3329,836,2493,6658,2345,2185,8,127,25,4690
WA11,WA11,Total,17472,12904,6744,6160,65,25808,3063,950,2113,6126,1206,1048,10,118,30,2412
WA12,WA12,Total,9572,5637,2353,3284,112,11274,2624,724,1900,5248,1058,974,4,66,14,2116
WA13,WA13,Total,5398,4254,2123,2131,49,8508,403,243,160,806,642,594,5,39,4,1284
WA14,WA14,Total,11784,8069,3728,4341,116,16138,1333,378,955,2666,2127,2004,18,74,31,4254
WA15,WA15,Total,17068,13452,6475,6977,81,26904,1650,510,1140,3300,1727,1620,7,89,11,3454
WA16,WA16,Total,10306,7681,4228,3453,44,15362,1130,197,933,2260,1297,1179,28,74,16,2594
WA2,WA2,Total,17815,10046,4242,5804,141,20092,5424,2844,2580,10848,2016,1814,6,166,30,4032
WA3,WA3,Total,20060,14625,6725,7900,106,29250,3194,1660,1534,6388,1951,1744,10,181,16,3902
WA4,WA4,Total,19939,15410,7741,7669,83,30820,2030,1052,978,4060,2245,2039,25,160,21,4490
WA5,WA5,Total,23634,17984,7066,10918,279,35968,2701,1168,1533,5402,2487,2279,10,172,26,4974
WA6,WA6,Total,8173,6591,3667,2924,56,13182,642,247,395,1284,792,693,8,75,16,1584
WA7,WA7,Total,26903,15883,6452,9431,262,31766,8049,937,7112,16098,2476,2257,5,174,40,4952
WA8,WA8,Total,26116,17616,7802,9814,61,35232,5417,1576,3841,10834,2714,2474,11,201,28,5428
WA9,WA9,Total,20763,11992,5428,6564,119,23984,5913,1900,4013,11826,2461,2251,12,163,35,4922
WC1A,WC1A,Total,270,73,49,24,6,146,84,63,21,168,101,97,0,4,0,202
WC1B,WC1B,Total,706,228,136,92,2,456,178,55,123,356,283,243,7,20,13,566
WC1E,WC1E,Total,782,223,124,99,5,446,212,169,43,424,313,282,6,13,12,626
WC1H,WC1H,Total,3550,937,566,371,7,1874,1234,831,403,2468,1254,1169,8,52,25,2508
WC1N,WC1N,Total,3355,636,361,275,11,1272,1564,1000,564,3128,1066,937,30,38,61,2132
WC1R,WC1R,Total,360,99,51,48,1,198,88,62,26,176,158,151,0,5,2,316
WC1V,WC1V,Total,341,63,34,29,2,126,108,72,36,216,155,118,3,4,30,310
WC1X,WC1X,Total,3103,594,287,307,20,1188,1602,970,632,3204,831,806,0,20,5,1662
WC2B,WC2B,Total,974,180,90,90,2,360,520,154,366,1040,255,234,3,2,16,510
WC2E,WC2E,Total,532,153,101,52,2,306,139,55,84,278,214,200,3,7,4,428
WC2H,WC2H,Total,1284,220,121,99,19,440,445,165,280,890,563,543,4,13,3,1126
WC2N,WC2N,Total,458,160,100,60,2,320,38,3,35,76,232,220,3,4,5,464
WD17,WD17,Total,6782,4463,2090,2373,99,8926,505,73,432,1010,1636,1538,16,63,19,3272
WD18,WD18,Total,9569,5061,1789,3272,204,10122,1577,306,1271,3154,2656,2515,24,92,25,5312
WD19,WD19,Total,11210,7336,3172,4164,77,14672,2652,974,1678,5304,1055,953,9,72,21,2110
WD23,WD23,Total,10341,7554,3667,3887,75,15108,1165,70,1095,2330,1442,1194,118,46,84,2884
WD24,WD24,Total,8682,5522,1977,3545,35,11044,1212,300,912,2424,1852,1757,11,76,8,3704
WD25,WD25,Total,11202,7255,2856,4399,87,14510,2569,760,1809,5138,1206,1091,27,75,13,2412
WD3,WD3,Total,16313,12544,6212,6332,43,25088,1722,459,1263,3444,1798,1620,61,102,15,3596
WD4,WD4,Total,4726,3514,1734,1780,66,7028,526,384,142,1052,575,528,20,18,9,1150
WD5,WD5,Total,4790,3422,1500,1922,19,6844,924,264,660,1848,388,353,3,27,5,776
WD6,WD6,Total,14806,8390,3232,5158,298,16780,4024,474,3550,8048,1888,1775,21,82,10,3776
WD7,WD7,Total,4749,3616,1708,1908,50,7232,519,27,492,1038,503,485,2,9,7,1006
WF1,WF1,Total,14834,7872,3565,4307,104,15744,3805,2568,1237,7610,2879,2673,15,157,34,5758
WF10,WF10,Total,19619,12390,5286,7104,114,24780,4747,3711,1036,9494,2177,1953,16,182,26,4354
WF11,WF11,Total,7531,4430,2057,2373,51,8860,2228,1792,436,4456,758,683,6,58,11,1516
WF12,WF12,Total,12882,8455,4120,4335,62,16910,2797,2518,279,5594,1326,1154,8,143,21,2652
WF13,WF13,Total,9960,5121,2184,2937,34,10242,2422,1786,636,4844,2136,1980,17,107,32,4272
WF14,WF14,Total,8520,6289,3208,3081,24,12578,936,819,117,1872,1138,1024,9,90,15,2276
WF15,WF15,Total,7685,5113,2272,2841,8,10226,1447,1098,349,2894,978,895,4,68,11,1956
WF16,WF16,Total,4791,3248,1277,1971,17,6496,702,523,179,1404,741,675,4,53,9,1482
WF17,WF17,Total,16460,10483,5039,5444,81,20966,3347,2611,736,6694,2191,1968,9,186,28,4382
WF2,WF2,Total,21492,13042,6332,6710,127,26084,6167,4523,1644,12334,1962,1752,17,154,39,3924
WF3,WF3,Total,13697,10398,4112,6286,89,20796,1596,1199,397,3192,1467,1300,18,138,11,2934
WF4,WF4,Total,18489,13409,6408,7001,60,26818,3002,2179,823,6004,1820,1603,13,175,29,3640
WF5,WF5,Total,9354,6416,2969,3447,24,12832,1751,1194,557,3502,1078,972,7,85,14,2156
WF6,WF6,Total,9235,6149,2531,3618,37,12298,1996,1448,548,3992,976,867,7,88,14,1952
WF7,WF7,Total,8703,5752,2666,3086,23,11504,1932,1488,444,3864,920,788,11,106,15,1840
WF8,WF8,Total,14050,9325,4448,4877,83,18650,3260,2255,1005,6520,1249,1115,17,93,24,2498
WF9,WF9,Total,16750,10143,4565,5578,53,20286,4285,3130,1155,8570,2108,1900,12,167,29,4216
WN1,WN1,Total,9159,5470,2718,2752,25,10940,2116,1671,445,4232,1398,1304,11,71,12,2796
WN2,WN2,Total,22152,14790,6735,8055,36,29580,4484,3919,565,8968,2538,2316,4,193,25,5076
WN3,WN3,Total,12407,9122,3846,5276,23,18244,1869,1372,497,3738,1286,1175,5,95,11,2572
WN4,WN4,Total,11999,9237,4464,4773,16,18474,1508,1363,145,3016,1089,999,1,84,5,2178
WN5,WN5,Total,18908,12164,6071,6093,32,24328,4610,4029,581,9220,1779,1614,7,134,24,3558
WN6,WN6,Total,16785,12945,6442,6503,25,25890,1917,1582,335,3834,1676,1527,11,124,14,3352
WN7,WN7,Total,20890,12975,5773,7202,79,25950,4462,3639,823,8924,3113,2887,13,193,20,6226
WN8,WN8,Total,18923,11896,4846,7050,67,23792,4733,4275,458,9466,1977,1804,7,152,14,3954
WR1,WR1,Total,4731,2000,934,1066,63,4000,644,114,530,1288,1946,1856,14,52,24,3892
WR10,WR10,Total,7723,5692,3390,2302,42,11384,1083,89,994,2166,774,674,31,54,15,1548
WR11,WR11,Total,17381,11997,6003,5994,98,23994,2806,314,2492,5612,2250,2037,48,136,29,4500
WR12,WR12,Total,2572,1877,1240,637,14,3754,321,54,267,642,314,274,15,16,9,628
WR13,WR13,Total,3473,2620,1650,970,21,5240,382,50,332,764,382,319,17,33,13,764
WR14,WR14,Total,15035,10065,5828,4237,161,20130,2790,364,2426,5580,1830,1676,19,116,19,3660
WR15,WR15,Total,3073,2155,1349,806,14,4310,404,20,384,808,435,393,4,32,6,870
WR2,WR2,Total,12129,8855,4819,4036,74,17710,1424,470,954,2848,1640,1487,14,114,25,3280
WR3,WR3,Total,8776,6789,3344,3445,63,13578,701,158,543,1402,1151,1043,10,88,10,2302
WR4,WR4,Total,10839,6147,2078,4069,126,12294,2865,1248,1617,5730,1575,1456,2,97,20,3150
WR5,WR5,Total,12871,9258,4189,5069,141,18516,1378,443,935,2756,1968,1810,12,132,14,3936
WR6,WR6,Total,5007,3845,2261,1584,43,7690,439,47,392,878,566,493,15,44,14,1132
WR7,WR7,Total,1998,1650,938,712,6,3300,128,18,110,256,178,156,6,14,2,356
WR8,WR8,Total,3766,2740,1645,1095,13,5480,482,55,427,964,457,405,15,34,3,914
WR9,WR9,Total,13205,9390,4773,4617,58,18780,2390,264,2126,4780,1220,1085,20,95,20,2440
WS1,WS1,Total,9877,4609,2227,2382,75,9218,2889,681,2208,5778,2137,1990,6,98,43,4274
WS10,WS10,Total,18177,9510,4265,5245,85,19020,6237,4411,1826,12474,1944,1788,7,128,21,3888
WS11,WS11,Total,18093,11596,5336,6260,160,23192,3947,2939,1008,7894,2130,1942,23,146,19,4260
WS12,WS12,Total,14396,10372,3997,6375,118,20744,2087,1459,628,4174,1663,1503,9,138,13,3326
WS13,WS13,Total,11176,7246,3561,3685,97,14492,2363,273,2090,4726,1324,1201,18,80,25,2648
WS14,WS14,Total,6788,5529,2865,2664,50,11058,476,49,427,952,661,561,40,31,29,1322
WS15,WS15,Total,15160,11390,5591,5799,71,22780,1741,1008,733,3482,1792,1623,19,128,22,3584
WS2,WS2,Total,14798,6912,3167,3745,59,13824,5230,1720,3510,10460,2343,2168,9,130,36,4686
WS3,WS3,Total,20733,11573,5613,5960,82,23146,6727,3333,3394,13454,2046,1862,8,121,55,4092
WS4,WS4,Total,7140,4871,2482,2389,83,9742,1402,530,872,2804,702,640,5,47,10,1404
WS5,WS5,Total,8050,6062,3185,2877,15,12124,1174,697,477,2348,702,647,8,41,6,1404
WS6,WS6,Total,7272,5635,2880,2755,19,11270,1080,118,962,2160,466,409,3,50,4,932
WS7,WS7,Total,12293,9689,4905,4784,63,19378,1481,184,1297,2962,953,844,13,89,7,1906
WS8,WS8,Total,6389,4237,1977,2260,72,8474,1403,645,758,2806,596,523,14,49,10,1192
WS9,WS9,Total,11348,8804,4710,4094,46,17608,1468,699,769,2936,921,832,8,72,9,1842
WV1,WV1,Total,6555,2524,1252,1272,11,5048,2599,2037,562,5198,1268,1210,5,37,16,2536
WV10,WV10,Total,22483,11467,5364,6103,76,22934,8129,6430,1699,16258,2371,2186,8,134,43,4742
WV11,WV11,Total,14718,9492,4914,4578,41,18984,3712,3159,553,7424,1228,1075,18,105,30,2456
WV12,WV12,Total,10526,7650,3859,3791,55,15300,1914,961,953,3828,790,711,2,66,11,1580
WV13,WV13,Total,8348,4776,2121,2655,85,9552,2021,1160,861,4042,1363,1301,3,49,10,2726
WV14,WV14,Total,19312,10475,5172,5303,60,20950,6604,5548,1056,13208,1797,1660,6,111,20,3594
WV15,WV15,Total,3365,2385,1282,1103,10,4770,394,297,97,788,493,427,17,39,10,986
WV16,WV16,Total,7649,5267,3023,2244,25,10534,942,619,323,1884,1240,1126,22,77,15,2480
WV2,WV2,Total,5738,2355,1306,1049,32,4710,2110,1428,682,4220,1110,1029,11,37,33,2220
WV3,WV3,Total,12482,7826,4144,3682,36,15652,2021,1231,790,4042,2433,2301,13,96,23,4866
WV4,WV4,Total,13830,9991,5355,4636,37,19982,2148,1808,340,4296,1445,1337,7,91,10,2890
WV5,WV5,Total,6660,5072,2805,2267,17,10144,1001,144,857,2002,493,447,8,33,5,986
WV6,WV6,Total,18616,12580,6437,6143,134,25160,2895,1468,1427,5790,2750,2540,28,133,49,5500
WV7,WV7,Total,2720,1792,1095,697,10,3584,357,288,69,714,525,214,199,21,91,1050
WV8,WV8,Total,6625,4370,2292,2078,29,8740,1687,804,883,3374,442,394,6,36,6,884
WV9,WV9,Total,3164,2317,1151,1166,55,4634,461,192,269,922,294,273,6,13,2,588
YO1,YO1,Total,2406,720,423,297,43,1440,438,186,252,876,1156,1095,6,20,35,2312
YO10,YO10,Total,10696,5438,2992,2446,80,10876,1566,1117,449,3132,3441,3116,82,148,95,6882
YO11,YO11,Total,11057,6046,3559,2487,47,12092,1642,334,1308,3284,3141,2939,23,135,44,6282
YO12,YO12,Total,17750,11602,6052,5550,151,23204,2277,462,1815,4554,3481,3194,31,201,55,6962
YO13,YO13,Total,4512,3615,2341,1274,23,7230,244,33,211,488,534,469,12,37,16,1068
YO14,YO14,Total,5381,3994,2725,1269,33,7988,496,86,410,992,779,710,5,54,10,1558
YO15,YO15,Total,6275,3879,2510,1369,17,7758,278,85,193,556,2005,1916,11,66,12,4010
YO16,YO16,Total,11732,7932,4767,3165,66,15864,1835,1483,352,3670,1724,1526,11,173,14,3448
YO17,YO17,Total,9158,5838,3252,2586,30,11676,1505,103,1402,3010,1552,1381,64,90,17,3104
YO18,YO18,Total,4874,3551,2340,1211,27,7102,578,50,528,1156,614,535,11,51,17,1228
YO19,YO19,Total,5137,4310,2357,1953,18,8620,304,220,84,608,433,386,11,23,13,866
YO21,YO21,Total,6391,4202,2673,1529,28,8404,743,98,645,1486,1262,1145,24,71,22,2524
YO22,YO22,Total,3909,2733,1738,995,13,5466,625,100,525,1250,446,376,14,46,10,892
YO23,YO23,Total,8528,6125,3256,2869,41,12250,703,507,196,1406,1539,1416,19,92,12,3078
YO24,YO24,Total,13143,8952,4403,4549,69,17904,2301,1774,527,4602,1662,1532,13,100,17,3324
YO25,YO25,Total,14465,10836,5881,4955,34,21672,1062,839,223,2124,2225,1963,59,169,34,4450
YO26,YO26,Total,12596,8970,4312,4658,91,17940,1730,1289,441,3460,1646,1492,18,113,23,3292
YO30,YO30,Total,11166,7545,3455,4090,56,15090,1612,869,743,3224,1817,1581,79,96,61,3634
YO31,YO31,Total,12996,7638,3995,3643,106,15276,2022,1543,479,4044,3062,2885,18,131,28,6124
YO32,YO32,Total,12137,9575,5300,4275,148,19150,1382,101,1281,2764,926,703,89,67,67,1852
YO41,YO41,Total,4180,3431,1679,1752,16,6862,214,156,58,428,434,398,7,18,11,868
YO42,YO42,Total,6159,4598,2391,2207,12,9196,518,422,96,1036,862,778,32,46,6,1724
YO43,YO43,Total,5225,3989,1931,2058,21,7978,450,331,119,900,677,603,11,48,15,1354
YO51,YO51,Total,2359,1689,879,810,12,3378,200,144,56,400,409,372,12,21,4,818
YO60,YO60,Total,2104,1409,849,560,3,2818,178,10,168,356,440,388,28,14,10,880
YO61,YO61,Total,5979,4259,2431,1828,42,8518,676,45,631,1352,861,747,38,48,28,1722
YO62,YO62,Total,5147,3436,2352,1084,20,6872,543,48,495,1086,959,830,51,53,25,1918
YO7,YO7,Total,8325,5531,3095,2436,28,11062,940,124,816,1880,1620,1238,187,86,109,3240
YO8,YO8,Total,18226,13407,6103,7304,133,26814,2353,1388,965,4706,2115,1930,19,144,22,4230
CF10,CF10,Total,7261,2029,682,1347,67,4058,1271,612,659,2542,3741,3537,22,143,39,7482
CF11,CF11,Total,15629,7286,3011,4275,73,14572,2657,1004,1653,5314,5308,5037,14,207,50,10616
CF14,CF14,Total,31566,23736,11996,11740,180,47472,3059,1968,1091,6118,4219,3814,39,309,57,8438
CF15,CF15,Total,7325,6001,2726,3275,14,12002,613,316,297,1226,629,555,7,53,14,1258
CF23,CF23,Total,18529,13374,5889,7485,94,26748,2112,1145,967,4224,2803,2602,10,178,13,5606
CF24,CF24,Total,21416,7506,3107,4399,87,15012,3818,1174,2644,7636,9650,9040,32,415,163,19300
CF3,CF3,Total,17291,10549,4246,6303,63,21098,4699,2827,1872,9398,1706,1516,6,166,18,3412
CF31,CF31,Total,18722,13382,5822,7560,55,26764,2730,488,2242,5460,2338,2051,24,221,42,4676
CF32,CF32,Total,12786,9173,4445,4728,19,18346,1907,553,1354,3814,1533,1316,15,182,20,3066
CF33,CF33,Total,6168,3972,1741,2231,6,7944,1411,558,853,2822,690,603,2,71,14,1380
CF34,CF34,Total,8774,6391,3383,3008,16,12782,1129,427,702,2258,1122,995,4,99,24,2244
CF35,CF35,Total,6114,4980,2504,2476,7,9960,470,168,302,940,580,496,7,70,7,1160
CF36,CF36,Total,7152,5598,3259,2339,38,11196,405,129,276,810,1005,913,7,75,10,2010
CF37,CF37,Total,16023,10696,5315,5381,35,21392,2502,1092,1410,5004,2509,2307,5,174,23,5018
CF38,CF38,Total,9446,7745,3334,4411,7,15490,747,443,304,1494,848,748,6,87,7,1696
CF39,CF39,Total,12210,8563,4314,4249,16,17126,1960,1194,766,3920,1483,1348,4,120,11,2966
CF40,CF40,Total,8769,6174,3406,2768,12,12348,1045,512,533,2090,1389,1250,2,127,10,2778
CF41,CF41,Total,4696,3420,1916,1504,9,6840,487,207,280,974,720,660,2,47,11,1440
CF42,CF42,Total,5935,4302,2614,1688,8,8604,613,217,396,1226,908,824,0,78,6,1816
CF43,CF43,Total,5297,3409,2094,1315,6,6818,895,506,389,1790,908,813,1,79,15,1816
CF44,CF44,Total,16948,11724,6403,5321,20,23448,2688,1456,1232,5376,2262,2075,3,160,24,4524
CF45,CF45,Total,8403,5608,3105,2503,10,11216,1337,609,728,2674,1321,1234,2,76,9,2642
CF46,CF46,Total,5913,4493,2281,2212,7,8986,758,348,410,1516,578,512,3,58,5,1156
CF47,CF47,Total,9020,5454,2846,2608,16,10908,2299,1277,1022,4598,1066,940,13,84,29,2132
CF48,CF48,Total,11309,7424,3934,3490,19,14848,2343,964,1379,4686,1309,1168,10,110,21,2618
CF5,CF5,Total,28182,17619,7895,9724,70,35238,6474,4696,1778,12948,3570,3224,22,280,44,7140
CF61,CF61,Total,4099,3191,1687,1504,8,6382,356,329,27,712,504,400,46,46,12,1008
CF62,CF62,Total,17122,11837,5315,6522,36,23674,2479,1790,689,4958,2609,2159,137,214,99,5218
CF63,CF63,Total,9495,5555,2043,3512,41,11110,1937,971,966,3874,1871,1719,7,125,20,3742
CF64,CF64,Total,15906,12137,6367,5770,31,24274,1362,752,610,2724,2210,1948,22,207,33,4420
CF71,CF71,Total,3836,3257,2002,1255,9,6514,141,107,34,282,372,340,6,22,4,744
CF72,CF72,Total,10636,8094,3448,4646,21,16188,1270,527,743,2540,1124,968,18,122,16,2248
CF81,CF81,Total,6959,4538,2348,2190,8,9076,1525,1374,151,3050,833,765,1,62,5,1666
CF82,CF82,Total,8219,5910,2593,3317,17,11820,1263,805,458,2526,953,859,2,80,12,1906
CF83,CF83,Total,22780,15896,6899,8997,98,31792,4170,3019,1151,8340,2436,2178,15,224,19,4872
LD1,LD1,Total,5202,3589,2399,1190,11,7178,587,322,265,1174,914,839,5,62,8,1828
LD2,LD2,Total,2502,1838,1248,590,4,3676,201,125,76,402,398,362,8,25,3,796
LD3,LD3,Total,8289,5528,3487,2041,34,11056,1205,782,423,2410,1304,1042,72,127,63,2608
LD4,LD4,Total,355,265,187,78,0,530,38,37,1,76,47,39,2,4,2,94
LD5,LD5,Total,483,332,228,104,1,664,55,20,35,110,88,80,3,3,2,176
LD6,LD6,Total,1233,772,540,232,4,1544,192,129,63,384,247,223,3,16,5,494
LD7,LD7,Total,2172,1501,1022,479,6,3002,283,200,83,566,320,283,8,27,2,640
LD8,LD8,Total,1876,1336,958,378,5,2672,193,122,71,386,296,267,8,18,3,592
LL11,LL11,Total,16148,10763,4755,6008,77,21526,3275,2716,559,6550,1798,1599,16,162,21,3596
LL12,LL12,Total,12023,9166,4880,4286,24,18332,1672,1535,137,3344,978,846,8,113,11,1956
LL13,LL13,Total,14646,7920,3732,4188,52,15840,3837,3224,613,7674,2558,2337,35,157,29,5116
LL14,LL14,Total,14285,8632,4055,4577,64,17264,3958,3386,572,7916,1380,1200,13,152,15,2760
LL15,LL15,Total,4613,3342,1903,1439,18,6684,542,337,205,1084,600,526,10,54,10,1200
LL16,LL16,Total,6615,4457,2330,2127,30,8914,1053,647,406,2106,938,808,12,100,18,1876
LL17,LL17,Total,2233,1588,862,726,7,3176,305,203,102,610,292,248,7,31,6,584
LL18,LL18,Total,17631,11518,5839,5679,177,23036,2423,1433,990,4846,3256,3006,32,204,14,6512
LL19,LL19,Total,8772,6540,3674,2866,82,13080,733,468,265,1466,1293,1151,11,121,10,2586
LL20,LL20,Total,3622,2520,1452,1068,17,5040,533,367,166,1066,479,437,7,29,6,958
LL21,LL21,Total,2611,1782,1047,735,2,3564,392,293,99,784,343,303,2,30,8,686
LL22,LL22,Total,8070,5984,3659,2325,62,11968,728,333,395,1456,1196,1072,14,96,14,2392
LL23,LL23,Total,1932,1240,823,417,5,2480,309,143,166,618,303,246,8,39,10,606
LL24,LL24,Total,832,546,334,212,1,1092,91,33,58,182,171,144,2,9,16,342
LL25,LL25,Total,218,169,113,56,0,338,33,7,26,66,14,9,2,3,0,28
LL26,LL26,Total,1988,1309,750,559,13,2618,352,135,217,704,269,226,6,31,6,538
LL27,LL27,Total,368,281,172,109,0,562,39,7,32,78,44,36,1,7,0,88
LL28,LL28,Total,6399,4567,2747,1820,56,9134,621,293,328,1242,1045,950,7,75,13,2090
LL29,LL29,Total,8732,5408,2590,2818,70,10816,1346,686,660,2692,1777,1647,8,106,16,3554
LL30,LL30,Total,10101,6639,4041,2598,49,13278,1302,522,780,2604,1958,1825,15,103,15,3916
LL31,LL31,Total,4112,3116,1810,1306,32,6232,381,144,237,762,519,457,5,47,10,1038
LL32,LL32,Total,2950,2129,1300,829,17,4258,328,122,206,656,431,385,3,34,9,862
LL33,LL33,Total,1636,1211,651,560,8,2422,155,75,80,310,226,205,1,18,2,452
LL34,LL34,Total,1975,1346,719,627,7,2692,271,90,181,542,330,288,1,36,5,660
LL35,LL35,Total,492,346,274,72,6,692,45,10,35,90,83,66,8,8,1,166
LL36,LL36,Total,2273,1542,1069,473,8,3084,279,117,162,558,398,358,7,30,3,796
LL37,LL37,Total,236,184,129,55,0,368,17,8,9,34,28,22,1,4,1,56
LL38,LL38,Total,383,281,220,61,1,562,20,7,13,40,71,65,0,6,0,142
LL39,LL39,Total,150,106,71,35,3,212,8,2,6,16,26,24,0,0,2,52
LL40,LL40,Total,1915,1290,870,420,10,2580,299,129,170,598,268,224,6,32,6,536
LL41,LL41,Total,2997,2057,1350,707,9,4114,461,253,208,922,387,348,0,30,9,774
LL42,LL42,Total,1245,667,442,225,4,1334,255,151,104,510,291,266,1,24,0,582
LL43,LL43,Total,240,211,159,52,2,422,2,0,2,4,18,11,0,7,0,36
LL44,LL44,Total,511,365,268,97,1,730,62,22,40,124,65,57,1,6,1,130
LL45,LL45,Total,293,196,131,65,1,392,34,23,11,68,48,43,0,4,1,96
LL46,LL46,Total,911,700,505,195,2,1400,66,30,36,132,115,94,0,20,1,230
LL47,LL47,Total,270,212,153,59,2,424,15,9,6,30,34,32,1,1,0,68
LL48,LL48,Total,1122,794,491,303,1,1588,152,65,87,304,155,124,5,19,7,310
LL49,LL49,Total,2159,1488,1018,470,6,2976,284,126,158,568,314,258,10,41,5,628
LL51,LL51,Total,259,178,122,56,1,356,39,16,23,78,28,22,0,1,5,56
LL52,LL52,Total,1196,870,624,246,4,1740,123,48,75,246,162,124,6,26,6,324
LL53,LL53,Total,7749,5115,3456,1659,32,10230,1151,570,581,2302,1240,1060,26,108,46,2480
LL54,LL54,Total,4823,3477,2027,1450,10,6954,757,403,354,1514,478,406,4,61,7,956
LL55,LL55,Total,9314,6097,3325,2772,29,12194,1947,1081,866,3894,1003,857,10,115,21,2006
LL56,LL56,Total,1006,691,344,347,1,1382,66,31,35,132,233,205,3,23,2,466
LL57,LL57,Total,10068,5551,2825,2726,29,11102,2087,1098,989,4174,2162,1943,35,146,38,4324
LL58,LL58,Total,1858,1255,869,386,8,2510,238,220,18,476,295,260,3,29,3,590
LL59,LL59,Total,2461,1827,1115,712,3,3654,232,196,36,464,348,313,5,27,3,696
LL60,LL60,Total,1343,1024,529,495,1,2048,124,118,6,248,162,148,0,14,0,324
LL61,LL61,Total,2545,1837,1082,755,5,3674,291,263,28,582,340,287,7,39,7,680
LL62,LL62,Total,717,521,316,205,2,1042,62,58,4,124,115,107,3,5,0,230
LL63,LL63,Total,629,405,258,147,0,810,92,86,6,184,109,102,0,3,4,218
LL64,LL64,Total,489,332,213,119,2,664,46,37,9,92,89,67,8,9,5,178
LL65,LL65,Total,10292,6499,3676,2823,19,12998,1928,1650,278,3856,1623,1350,69,139,65,3246
LL67,LL67,Total,646,460,287,173,1,920,77,72,5,154,96,81,0,10,5,192
LL68,LL68,Total,2794,1941,1170,771,2,3882,395,348,47,790,384,323,1,54,6,768
LL69,LL69,Total,261,195,107,88,0,390,30,30,0,60,36,32,0,3,1,72
LL70,LL70,Total,145,114,76,38,2,228,4,4,0,8,23,22,0,1,0,46
LL71,LL71,Total,717,483,289,194,2,966,140,134,6,280,71,66,0,5,0,142
LL72,LL72,Total,346,272,182,90,0,544,44,44,0,88,21,17,2,1,1,42
LL73,LL73,Total,127,104,78,26,0,208,1,0,1,2,16,12,0,2,2,32
LL74,LL74,Total,1117,896,623,273,4,1792,49,34,15,98,151,129,2,19,1,302
LL75,LL75,Total,626,449,253,196,1,898,47,45,2,94,106,96,3,6,1,212
LL76,LL76,Total,134,105,59,46,0,210,10,6,4,20,17,14,1,2,0,34
LL77,LL77,Total,3128,2063,1151,912,11,4126,674,551,123,1348,298,257,0,35,6,596
LL78,LL78,Total,219,189,111,78,0,378,3,3,0,6,24,16,0,7,1,48
NP10,NP10,Total,9583,7015,2975,4040,60,14030,1481,824,657,2962,930,848,5,61,16,1860
NP11,NP11,Total,16190,11213,5460,5753,60,22426,2949,2156,793,5898,1809,1608,2,183,16,3618
NP12,NP12,Total,13672,9674,4598,5076,28,19348,2493,1773,720,4986,1352,1217,9,116,10,2704
NP13,NP13,Total,8738,5612,3107,2505,10,11224,1638,616,1022,3276,1381,1260,7,91,23,2762
NP15,NP15,Total,3218,2364,1432,932,8,4728,312,86,226,624,461,417,8,30,6,922
NP16,NP16,Total,9818,7210,3701,3509,34,14420,1165,280,885,2330,1288,1038,88,84,78,2576
NP18,NP18,Total,6875,5494,2755,2739,14,10988,682,397,285,1364,595,533,6,50,6,1190
NP19,NP19,Total,21560,13148,6107,7041,121,26296,4470,2223,2247,8940,3485,3203,13,230,39,6970
NP20,NP20,Total,22068,12712,6046,6666,131,25424,5418,2487,2931,10836,3463,3191,30,172,70,6926
NP22,NP22,Total,9747,5796,3124,2672,14,11592,2873,1797,1076,5746,957,856,4,80,17,1914
NP23,NP23,Total,14331,8872,4500,4372,16,17744,3596,1722,1874,7192,1707,1509,10,136,52,3414
NP24,NP24,Total,2110,1323,718,605,5,2646,457,356,101,914,304,276,0,22,6,608
NP25,NP25,Total,6370,4571,2633,1938,31,9142,920,192,728,1840,735,640,16,71,8,1470
NP26,NP26,Total,9148,7121,3338,3783,32,14242,1212,450,762,2424,705,626,6,59,14,1410
NP4,NP4,Total,19258,13108,6658,6450,53,26216,4145,1751,2394,8290,1722,1533,12,143,34,3444
NP44,NP44,Total,19931,12918,5825,7093,152,25836,5020,2112,2908,10040,1665,1423,8,195,39,3330
NP7,NP7,Total,11435,8093,4861,3232,34,16186,1825,617,1208,3650,1308,1146,22,114,26,2616
NP8,NP8,Total,2396,1776,1130,646,10,3552,263,154,109,526,302,236,19,33,14,604
SA1,SA1,Total,22048,8980,4749,4231,107,17960,6732,3978,2754,13464,5749,5302,25,344,78,11498
SA10,SA10,Total,12597,9451,4989,4462,25,18902,1898,1084,814,3796,1050,876,10,147,17,2100
SA11,SA11,Total,16122,10614,5717,4897,34,21228,3273,2095,1178,6546,1924,1720,11,163,30,3848
SA12,SA12,Total,14256,9216,4842,4374,31,18432,3304,2326,978,6608,1387,1234,10,128,15,2774
SA13,SA13,Total,8394,5898,3109,2789,11,11796,1342,804,538,2684,990,864,7,109,10,1980
SA14,SA14,Total,14186,10438,5464,4974,30,20876,2300,1981,319,4600,1203,1048,17,113,25,2406
SA15,SA15,Total,16145,10392,5837,4555,31,20784,3029,2147,882,6058,2405,2167,10,179,49,4810
SA16,SA16,Total,3781,2835,1684,1151,5,5670,460,362,98,920,423,383,2,35,3,846
SA17,SA17,Total,4012,2957,1747,1210,11,5914,610,513,97,1220,370,326,5,33,6,740
SA18,SA18,Total,12769,9188,5129,4059,16,18376,2151,1612,539,4302,1231,1054,9,151,17,2462
SA19,SA19,Total,4095,3194,2095,1099,12,6388,287,218,69,574,522,446,4,61,11,1044
SA2,SA2,Total,15259,10729,6114,4615,45,21458,1687,900,787,3374,2572,2328,16,176,52,5144
SA20,SA20,Total,1545,1076,724,352,2,2152,195,141,54,390,218,181,9,21,7,436
SA3,SA3,Total,11849,9614,6120,3494,31,19228,821,667,154,1642,1169,1012,9,130,18,2338
SA31,SA31,Total,7386,4657,2718,1939,17,9314,1347,841,506,2694,1233,1128,13,84,8,2466
SA32,SA32,Total,3238,2684,1761,923,10,5368,170,153,17,340,317,266,5,43,3,634
SA33,SA33,Total,5149,3991,2490,1501,12,7982,494,341,153,988,561,471,14,66,10,1122
SA34,SA34,Total,2215,1730,1090,640,11,3460,157,116,41,314,271,238,2,24,7,542
SA35,SA35,Total,294,264,182,82,1,528,4,3,1,8,20,15,0,4,1,40
SA36,SA36,Total,160,138,77,61,0,276,5,3,2,10,16,10,1,5,0,32
SA37,SA37,Total,551,444,287,157,5,888,17,11,6,34,69,55,3,9,2,138
SA38,SA38,Total,2101,1555,1023,532,3,3110,186,98,88,372,318,281,3,32,2,636
SA39,SA39,Total,974,718,464,254,3,1436,142,119,23,284,88,76,2,9,1,176
SA4,SA4,Total,18687,14357,6965,7392,47,28714,2255,1556,699,4510,1754,1522,11,198,23,3508
SA40,SA40,Total,1510,1020,660,360,8,2040,216,176,40,432,237,210,2,14,11,474
SA41,SA41,Total,793,595,379,216,2,1190,81,41,40,162,97,80,3,13,1,194
SA42,SA42,Total,1104,823,616,207,6,1646,126,79,47,252,112,90,3,17,2,224
SA43,SA43,Total,5842,4061,2718,1343,22,8122,777,308,469,1554,874,793,13,58,10,1748
SA44,SA44,Total,4973,3764,2417,1347,19,7528,521,276,245,1042,551,460,8,73,10,1102
SA45,SA45,Total,809,608,438,170,3,1216,71,14,57,142,107,97,0,7,3,214
SA46,SA46,Total,1310,906,614,292,5,1812,109,18,91,218,262,235,2,23,2,524
SA47,SA47,Total,518,394,252,142,1,788,34,15,19,68,72,64,0,7,1,144
SA48,SA48,Total,3675,2583,1711,872,19,5166,356,145,211,712,638,558,5,62,13,1276
SA5,SA5,Total,15711,8988,4323,4665,29,17976,4773,3596,1177,9546,1598,1376,12,182,28,3196
SA6,SA6,Total,14917,9935,4926,5009,36,19870,2912,1975,937,5824,1799,1600,12,153,34,3598
SA61,SA61,Total,6302,3688,2044,1644,18,7376,1338,852,486,2676,1186,966,82,91,47,2372
SA62,SA62,Total,8804,6717,4244,2473,27,13434,927,689,238,1854,939,787,20,114,18,1878
SA63,SA63,Total,450,343,217,126,1,686,45,28,17,90,49,42,0,6,1,98
SA64,SA64,Total,1105,770,476,294,0,1540,104,84,20,208,210,189,3,13,5,420
SA65,SA65,Total,2021,1427,963,464,6,2854,312,139,173,624,242,206,4,30,2,484
SA66,SA66,Total,1283,1013,643,370,4,2026,91,64,27,182,139,120,4,14,1,278
SA67,SA67,Total,2936,2234,1367,867,6,4468,221,152,69,442,416,352,12,46,6,832
SA68,SA68,Total,1831,1423,921,502,12,2846,130,76,54,260,227,195,3,25,4,454
SA69,SA69,Total,1585,1188,808,380,1,2376,114,71,43,228,248,223,10,12,3,496
SA7,SA7,Total,6216,4591,1820,2771,20,9182,795,505,290,1590,746,652,3,80,11,1492
SA70,SA70,Total,4347,2870,1746,1124,11,5740,634,460,174,1268,727,638,18,58,13,1454
SA71,SA71,Total,4540,2958,1862,1096,6,5916,1007,760,247,2014,499,448,11,35,5,998
SA72,SA72,Total,4507,2745,1449,1296,10,5490,911,580,331,1822,801,732,6,59,4,1602
SA73,SA73,Total,8913,5666,3170,2496,15,11332,2154,1675,479,4308,979,856,8,105,10,1958
SA8,SA8,Total,5308,3797,2002,1795,6,7594,962,613,349,1924,456,392,3,51,10,912
SA9,SA9,Total,6725,4756,2750,2006,12,9512,1291,1056,235,2582,554,472,3,76,3,1108
